0	0	1
0	1	1
0	2	0
0	3	0
0	4	0
0	5	0
0	6	1
0	7	0
0	8	1
0	9	0
0	10	0
0	11	1
0	12	0
0	13	0
0	14	0
0	15	1
0	16	0
0	17	1
0	18	1
0	19	1
0	20	0
0	21	0
0	22	0
0	23	0
0	24	0
0	25	1
0	26	0
0	27	1
0	28	1
0	29	1
0	30	1
0	31	0
0	32	1
0	33	0
0	34	0
0	35	1
0	36	1
0	37	0
0	38	1
0	39	1
0	40	0
0	41	0
0	42	1
0	43	1
0	44	1
0	45	0
0	46	1
0	47	1
0	48	0
0	49	1
0	50	0
0	51	0
0	52	0
0	53	0
0	54	0
0	55	0
0	56	0
0	57	1
0	58	1
0	59	1
0	60	1
0	61	1
0	62	0
0	63	1
0	64	1
0	65	0
0	66	1
0	67	0
0	68	1
0	69	0
0	70	0
0	71	0
0	72	1
0	73	0
0	74	0
0	75	1
0	76	0
0	77	0
0	78	1
0	79	0
0	80	1
0	81	0
0	82	1
0	83	0
0	84	1
0	85	0
0	86	0
0	87	0
0	88	0
0	89	1
0	90	0
0	91	0
0	92	0
0	93	0
0	94	1
0	95	1
0	96	0
0	97	1
0	98	1
0	99	0
1	0	1
1	1	1
1	2	0
1	3	0
1	4	0
1	5	0
1	6	1
1	7	0
1	8	1
1	9	0
1	10	0
1	11	1
1	12	0
1	13	1
1	14	0
1	15	1
1	16	1
1	17	1
1	18	1
1	19	1
1	20	0
1	21	0
1	22	0
1	23	1
1	24	0
1	25	1
1	26	1
1	27	1
1	28	0
1	29	1
1	30	1
1	31	1
1	32	1
1	33	0
1	34	0
1	35	1
1	36	1
1	37	0
1	38	0
1	39	1
1	40	0
1	41	0
1	42	0
1	43	1
1	44	0
1	45	1
1	46	1
1	47	1
1	48	0
1	49	1
1	50	0
1	51	0
1	52	0
1	53	0
1	54	1
1	55	0
1	56	0
1	57	1
1	58	1
1	59	1
1	60	1
1	61	1
1	62	0
1	63	1
1	64	1
1	65	0
1	66	1
1	67	0
1	68	1
1	69	0
1	70	0
1	71	0
1	72	1
1	73	0
1	74	0
1	75	0
1	76	0
1	77	0
1	78	1
1	79	0
1	80	1
1	81	0
1	82	1
1	83	0
1	84	1
1	85	0
1	86	0
1	87	0
1	88	0
1	89	1
1	90	0
1	91	1
1	92	0
1	93	0
1	94	1
1	95	1
1	96	0
1	97	1
1	98	1
1	99	0
2	0	1
2	1	0
2	2	1
2	3	1
2	4	1
2	5	0
2	6	0
2	7	1
2	8	0
2	9	1
2	10	1
2	11	0
2	12	1
2	13	1
2	14	0
2	15	0
2	16	1
2	17	0
2	18	0
2	19	0
2	20	1
2	21	1
2	22	1
2	23	1
2	24	1
2	25	0
2	26	1
2	27	0
2	28	0
2	29	0
2	30	1
2	31	1
2	32	0
2	33	0
2	34	1
2	35	0
2	36	0
2	37	1
2	38	1
2	39	0
2	40	1
2	41	1
2	42	1
2	43	0
2	44	1
2	45	1
2	46	0
2	47	0
2	48	1
2	49	0
2	50	1
2	51	0
2	52	1
2	53	1
2	54	1
2	55	1
2	56	0
2	57	0
2	58	0
2	59	0
2	60	1
2	61	0
2	62	1
2	63	0
2	64	0
2	65	1
2	66	0
2	67	1
2	68	0
2	69	1
2	70	0
2	71	1
2	72	0
2	73	1
2	74	1
2	75	1
2	76	1
2	77	1
2	78	0
2	79	1
2	80	0
2	81	1
2	82	0
2	83	1
2	84	1
2	85	1
2	86	1
2	87	1
2	88	1
2	89	1
2	90	1
2	91	1
2	92	1
2	93	1
2	94	0
2	95	1
2	96	0
2	97	0
2	98	0
2	99	1
3	0	0
3	1	1
3	2	1
3	3	1
3	4	1
3	5	0
3	6	0
3	7	1
3	8	0
3	9	1
3	10	1
3	11	0
3	12	1
3	13	0
3	14	0
3	15	0
3	16	1
3	17	0
3	18	1
3	19	1
3	20	1
3	21	1
3	22	1
3	23	1
3	24	1
3	25	0
3	26	1
3	27	0
3	28	1
3	29	0
3	30	1
3	31	1
3	32	0
3	33	1
3	34	1
3	35	0
3	36	0
3	37	1
3	38	0
3	39	0
3	40	1
3	41	1
3	42	0
3	43	0
3	44	1
3	45	0
3	46	1
3	47	1
3	48	1
3	49	0
3	50	1
3	51	1
3	52	1
3	53	1
3	54	1
3	55	1
3	56	1
3	57	0
3	58	0
3	59	0
3	60	0
3	61	0
3	62	1
3	63	0
3	64	0
3	65	1
3	66	0
3	67	1
3	68	1
3	69	1
3	70	1
3	71	1
3	72	1
3	73	1
3	74	1
3	75	1
3	76	1
3	77	1
3	78	0
3	79	1
3	80	0
3	81	0
3	82	0
3	83	1
3	84	0
3	85	0
3	86	1
3	87	1
3	88	1
3	89	0
3	90	1
3	91	1
3	92	1
3	93	1
3	94	0
3	95	0
3	96	0
3	97	0
3	98	0
3	99	0
4	0	0
4	1	0
4	2	1
4	3	1
4	4	1
4	5	1
4	6	0
4	7	1
4	8	0
4	9	1
4	10	1
4	11	0
4	12	0
4	13	1
4	14	1
4	15	0
4	16	1
4	17	0
4	18	0
4	19	1
4	20	1
4	21	1
4	22	1
4	23	0
4	24	1
4	25	0
4	26	0
4	27	0
4	28	1
4	29	0
4	30	0
4	31	1
4	32	0
4	33	1
4	34	1
4	35	0
4	36	0
4	37	1
4	38	1
4	39	0
4	40	1
4	41	1
4	42	1
4	43	0
4	44	1
4	45	1
4	46	0
4	47	0
4	48	1
4	49	0
4	50	1
4	51	1
4	52	1
4	53	1
4	54	0
4	55	1
4	56	1
4	57	0
4	58	0
4	59	0
4	60	0
4	61	0
4	62	1
4	63	0
4	64	0
4	65	1
4	66	0
4	67	1
4	68	0
4	69	1
4	70	1
4	71	0
4	72	0
4	73	1
4	74	1
4	75	0
4	76	1
4	77	1
4	78	0
4	79	0
4	80	0
4	81	1
4	82	0
4	83	1
4	84	0
4	85	1
4	86	1
4	87	1
4	88	1
4	89	0
4	90	0
4	91	1
4	92	1
4	93	1
4	94	0
4	95	0
4	96	1
4	97	1
4	98	0
4	99	1
5	0	0
5	1	0
5	2	1
5	3	0
5	4	1
5	5	1
5	6	0
5	7	0
5	8	0
5	9	1
5	10	1
5	11	0
5	12	0
5	13	1
5	14	1
5	15	0
5	16	1
5	17	0
5	18	0
5	19	0
5	20	1
5	21	1
5	22	1
5	23	1
5	24	1
5	25	0
5	26	1
5	27	0
5	28	1
5	29	0
5	30	0
5	31	1
5	32	0
5	33	1
5	34	1
5	35	0
5	36	0
5	37	1
5	38	1
5	39	0
5	40	1
5	41	0
5	42	1
5	43	0
5	44	0
5	45	1
5	46	0
5	47	0
5	48	1
5	49	0
5	50	1
5	51	1
5	52	1
5	53	1
5	54	1
5	55	1
5	56	1
5	57	0
5	58	0
5	59	0
5	60	0
5	61	0
5	62	1
5	63	0
5	64	0
5	65	0
5	66	0
5	67	1
5	68	0
5	69	0
5	70	1
5	71	1
5	72	0
5	73	1
5	74	1
5	75	0
5	76	1
5	77	1
5	78	0
5	79	0
5	80	0
5	81	1
5	82	0
5	83	1
5	84	0
5	85	1
5	86	1
5	87	1
5	88	1
5	89	0
5	90	0
5	91	1
5	92	0
5	93	1
5	94	0
5	95	0
5	96	1
5	97	0
5	98	1
5	99	1
6	0	1
6	1	1
6	2	1
6	3	0
6	4	0
6	5	0
6	6	1
6	7	1
6	8	1
6	9	0
6	10	0
6	11	1
6	12	0
6	13	1
6	14	0
6	15	1
6	16	0
6	17	1
6	18	1
6	19	1
6	20	0
6	21	0
6	22	0
6	23	0
6	24	0
6	25	1
6	26	0
6	27	1
6	28	0
6	29	1
6	30	1
6	31	0
6	32	1
6	33	0
6	34	0
6	35	1
6	36	1
6	37	0
6	38	1
6	39	1
6	40	0
6	41	0
6	42	0
6	43	1
6	44	0
6	45	0
6	46	1
6	47	1
6	48	1
6	49	1
6	50	1
6	51	0
6	52	0
6	53	0
6	54	0
6	55	0
6	56	0
6	57	1
6	58	1
6	59	1
6	60	1
6	61	1
6	62	0
6	63	1
6	64	1
6	65	1
6	66	1
6	67	0
6	68	1
6	69	0
6	70	1
6	71	0
6	72	1
6	73	0
6	74	1
6	75	1
6	76	1
6	77	0
6	78	1
6	79	0
6	80	1
6	81	0
6	82	1
6	83	0
6	84	1
6	85	1
6	86	0
6	87	0
6	88	0
6	89	1
6	90	0
6	91	1
6	92	0
6	93	0
6	94	1
6	95	1
6	96	0
6	97	1
6	98	1
6	99	0
7	0	0
7	1	0
7	2	1
7	3	1
7	4	1
7	5	0
7	6	1
7	7	1
7	8	1
7	9	1
7	10	1
7	11	0
7	12	1
7	13	1
7	14	1
7	15	0
7	16	1
7	17	0
7	18	0
7	19	0
7	20	1
7	21	1
7	22	1
7	23	1
7	24	1
7	25	0
7	26	1
7	27	0
7	28	1
7	29	0
7	30	0
7	31	1
7	32	0
7	33	1
7	34	1
7	35	1
7	36	0
7	37	1
7	38	1
7	39	1
7	40	1
7	41	1
7	42	0
7	43	0
7	44	1
7	45	1
7	46	0
7	47	0
7	48	1
7	49	0
7	50	1
7	51	1
7	52	1
7	53	1
7	54	1
7	55	1
7	56	1
7	57	0
7	58	0
7	59	0
7	60	1
7	61	0
7	62	1
7	63	0
7	64	1
7	65	1
7	66	0
7	67	1
7	68	0
7	69	1
7	70	0
7	71	1
7	72	0
7	73	1
7	74	1
7	75	1
7	76	1
7	77	1
7	78	0
7	79	1
7	80	0
7	81	1
7	82	1
7	83	0
7	84	0
7	85	1
7	86	1
7	87	1
7	88	1
7	89	0
7	90	1
7	91	1
7	92	1
7	93	1
7	94	0
7	95	0
7	96	1
7	97	0
7	98	0
7	99	0
8	0	1
8	1	1
8	2	0
8	3	0
8	4	0
8	5	0
8	6	1
8	7	0
8	8	1
8	9	0
8	10	1
8	11	1
8	12	1
8	13	0
8	14	0
8	15	1
8	16	0
8	17	1
8	18	1
8	19	1
8	20	0
8	21	0
8	22	0
8	23	0
8	24	0
8	25	1
8	26	0
8	27	1
8	28	0
8	29	1
8	30	1
8	31	0
8	32	1
8	33	0
8	34	1
8	35	1
8	36	1
8	37	0
8	38	0
8	39	1
8	40	0
8	41	0
8	42	0
8	43	1
8	44	0
8	45	0
8	46	1
8	47	1
8	48	0
8	49	1
8	50	1
8	51	0
8	52	1
8	53	0
8	54	0
8	55	0
8	56	0
8	57	1
8	58	1
8	59	1
8	60	1
8	61	1
8	62	0
8	63	1
8	64	1
8	65	1
8	66	1
8	67	0
8	68	1
8	69	0
8	70	0
8	71	0
8	72	1
8	73	1
8	74	0
8	75	1
8	76	0
8	77	0
8	78	1
8	79	1
8	80	1
8	81	0
8	82	1
8	83	1
8	84	1
8	85	0
8	86	0
8	87	0
8	88	0
8	89	1
8	90	0
8	91	0
8	92	1
8	93	0
8	94	1
8	95	1
8	96	0
8	97	1
8	98	1
8	99	0
9	0	0
9	1	0
9	2	1
9	3	0
9	4	1
9	5	1
9	6	1
9	7	1
9	8	0
9	9	1
9	10	1
9	11	0
9	12	1
9	13	1
9	14	1
9	15	0
9	16	1
9	17	0
9	18	0
9	19	0
9	20	1
9	21	1
9	22	1
9	23	0
9	24	1
9	25	0
9	26	1
9	27	1
9	28	1
9	29	0
9	30	0
9	31	0
9	32	0
9	33	1
9	34	1
9	35	0
9	36	0
9	37	1
9	38	1
9	39	0
9	40	0
9	41	0
9	42	1
9	43	0
9	44	1
9	45	1
9	46	0
9	47	0
9	48	1
9	49	0
9	50	0
9	51	1
9	52	1
9	53	1
9	54	1
9	55	1
9	56	1
9	57	0
9	58	0
9	59	0
9	60	0
9	61	0
9	62	1
9	63	0
9	64	0
9	65	1
9	66	0
9	67	1
9	68	1
9	69	1
9	70	1
9	71	1
9	72	0
9	73	1
9	74	1
9	75	1
9	76	1
9	77	1
9	78	0
9	79	1
9	80	0
9	81	1
9	82	0
9	83	1
9	84	0
9	85	1
9	86	1
9	87	1
9	88	1
9	89	0
9	90	1
9	91	0
9	92	1
9	93	1
9	94	0
9	95	0
9	96	1
9	97	0
9	98	0
9	99	1
10	0	0
10	1	0
10	2	1
10	3	1
10	4	0
10	5	1
10	6	0
10	7	1
10	8	1
10	9	1
10	10	1
10	11	0
10	12	1
10	13	1
10	14	1
10	15	0
10	16	1
10	17	0
10	18	0
10	19	1
10	20	0
10	21	1
10	22	1
10	23	1
10	24	1
10	25	0
10	26	1
10	27	0
10	28	1
10	29	0
10	30	1
10	31	1
10	32	0
10	33	1
10	34	1
10	35	0
10	36	1
10	37	1
10	38	1
10	39	1
10	40	1
10	41	1
10	42	1
10	43	0
10	44	1
10	45	0
10	46	0
10	47	0
10	48	1
10	49	1
10	50	1
10	51	1
10	52	1
10	53	1
10	54	1
10	55	1
10	56	1
10	57	1
10	58	0
10	59	0
10	60	0
10	61	0
10	62	1
10	63	0
10	64	0
10	65	1
10	66	0
10	67	1
10	68	0
10	69	1
10	70	1
10	71	1
10	72	0
10	73	1
10	74	1
10	75	1
10	76	1
10	77	0
10	78	0
10	79	1
10	80	1
10	81	1
10	82	0
10	83	1
10	84	0
10	85	1
10	86	1
10	87	1
10	88	1
10	89	0
10	90	1
10	91	1
10	92	1
10	93	0
10	94	0
10	95	0
10	96	1
10	97	0
10	98	1
10	99	1
11	0	1
11	1	1
11	2	1
11	3	0
11	4	0
11	5	0
11	6	1
11	7	0
11	8	1
11	9	1
11	10	0
11	11	1
11	12	0
11	13	0
11	14	0
11	15	1
11	16	0
11	17	1
11	18	1
11	19	1
11	20	0
11	21	0
11	22	0
11	23	0
11	24	0
11	25	1
11	26	0
11	27	1
11	28	0
11	29	1
11	30	1
11	31	0
11	32	1
11	33	0
11	34	1
11	35	1
11	36	1
11	37	0
11	38	1
11	39	1
11	40	0
11	41	1
11	42	0
11	43	1
11	44	0
11	45	0
11	46	1
11	47	1
11	48	0
11	49	1
11	50	1
11	51	0
11	52	0
11	53	0
11	54	0
11	55	0
11	56	0
11	57	1
11	58	1
11	59	1
11	60	1
11	61	1
11	62	0
11	63	1
11	64	1
11	65	0
11	66	1
11	67	0
11	68	1
11	69	0
11	70	0
11	71	0
11	72	1
11	73	0
11	74	0
11	75	0
11	76	0
11	77	0
11	78	1
11	79	0
11	80	1
11	81	1
11	82	1
11	83	0
11	84	1
11	85	0
11	86	1
11	87	0
11	88	0
11	89	1
11	90	0
11	91	0
11	92	1
11	93	0
11	94	1
11	95	1
11	96	0
11	97	1
11	98	1
11	99	0
12	0	1
12	1	0
12	2	1
12	3	1
12	4	0
12	5	1
12	6	0
12	7	1
12	8	1
12	9	1
12	10	1
12	11	0
12	12	1
12	13	1
12	14	1
12	15	0
12	16	1
12	17	1
12	18	0
12	19	1
12	20	0
12	21	1
12	22	1
12	23	1
12	24	1
12	25	1
12	26	1
12	27	1
12	28	0
12	29	0
12	30	0
12	31	1
12	32	0
12	33	1
12	34	1
12	35	0
12	36	0
12	37	1
12	38	1
12	39	0
12	40	1
12	41	1
12	42	1
12	43	0
12	44	1
12	45	1
12	46	0
12	47	1
12	48	1
12	49	1
12	50	1
12	51	1
12	52	1
12	53	1
12	54	1
12	55	0
12	56	1
12	57	0
12	58	1
12	59	0
12	60	0
12	61	1
12	62	0
12	63	0
12	64	0
12	65	1
12	66	1
12	67	1
12	68	0
12	69	1
12	70	1
12	71	1
12	72	0
12	73	0
12	74	1
12	75	1
12	76	1
12	77	1
12	78	0
12	79	1
12	80	0
12	81	1
12	82	0
12	83	1
12	84	0
12	85	1
12	86	1
12	87	1
12	88	1
12	89	0
12	90	1
12	91	1
12	92	1
12	93	1
12	94	0
12	95	0
12	96	1
12	97	0
12	98	0
12	99	1
13	0	0
13	1	0
13	2	0
13	3	1
13	4	1
13	5	1
13	6	0
13	7	1
13	8	0
13	9	1
13	10	0
13	11	0
13	12	1
13	13	1
13	14	1
13	15	0
13	16	1
13	17	0
13	18	0
13	19	1
13	20	1
13	21	1
13	22	0
13	23	0
13	24	1
13	25	0
13	26	1
13	27	0
13	28	1
13	29	0
13	30	0
13	31	0
13	32	0
13	33	1
13	34	0
13	35	0
13	36	0
13	37	1
13	38	1
13	39	0
13	40	1
13	41	1
13	42	1
13	43	0
13	44	1
13	45	1
13	46	0
13	47	1
13	48	1
13	49	0
13	50	1
13	51	1
13	52	0
13	53	1
13	54	1
13	55	1
13	56	1
13	57	1
13	58	0
13	59	0
13	60	0
13	61	0
13	62	1
13	63	0
13	64	0
13	65	1
13	66	0
13	67	1
13	68	0
13	69	1
13	70	1
13	71	0
13	72	0
13	73	1
13	74	1
13	75	0
13	76	1
13	77	1
13	78	0
13	79	1
13	80	0
13	81	1
13	82	0
13	83	1
13	84	0
13	85	1
13	86	1
13	87	1
13	88	1
13	89	0
13	90	1
13	91	1
13	92	1
13	93	1
13	94	0
13	95	0
13	96	1
13	97	0
13	98	0
13	99	1
14	0	0
14	1	0
14	2	1
14	3	0
14	4	1
14	5	1
14	6	1
14	7	1
14	8	0
14	9	1
14	10	0
14	11	0
14	12	0
14	13	1
14	14	1
14	15	1
14	16	1
14	17	0
14	18	0
14	19	0
14	20	1
14	21	1
14	22	1
14	23	1
14	24	1
14	25	0
14	26	1
14	27	0
14	28	1
14	29	0
14	30	0
14	31	1
14	32	0
14	33	1
14	34	1
14	35	0
14	36	0
14	37	1
14	38	1
14	39	0
14	40	0
14	41	1
14	42	1
14	43	1
14	44	1
14	45	1
14	46	0
14	47	0
14	48	1
14	49	0
14	50	1
14	51	1
14	52	1
14	53	1
14	54	1
14	55	1
14	56	1
14	57	0
14	58	0
14	59	0
14	60	0
14	61	0
14	62	1
14	63	0
14	64	0
14	65	0
14	66	0
14	67	1
14	68	0
14	69	0
14	70	1
14	71	1
14	72	0
14	73	1
14	74	1
14	75	0
14	76	1
14	77	1
14	78	0
14	79	1
14	80	0
14	81	1
14	82	1
14	83	1
14	84	0
14	85	1
14	86	1
14	87	1
14	88	0
14	89	0
14	90	0
14	91	1
14	92	1
14	93	1
14	94	1
14	95	0
14	96	1
14	97	0
14	98	0
14	99	1
15	0	1
15	1	1
15	2	0
15	3	0
15	4	0
15	5	0
15	6	1
15	7	0
15	8	1
15	9	0
15	10	0
15	11	1
15	12	1
15	13	1
15	14	0
15	15	1
15	16	0
15	17	1
15	18	1
15	19	1
15	20	0
15	21	0
15	22	0
15	23	0
15	24	1
15	25	1
15	26	0
15	27	1
15	28	0
15	29	1
15	30	1
15	31	0
15	32	1
15	33	0
15	34	0
15	35	1
15	36	1
15	37	0
15	38	0
15	39	1
15	40	1
15	41	0
15	42	0
15	43	1
15	44	0
15	45	0
15	46	1
15	47	1
15	48	0
15	49	1
15	50	0
15	51	1
15	52	0
15	53	0
15	54	0
15	55	0
15	56	0
15	57	1
15	58	1
15	59	1
15	60	1
15	61	1
15	62	0
15	63	1
15	64	1
15	65	0
15	66	1
15	67	1
15	68	1
15	69	0
15	70	0
15	71	0
15	72	1
15	73	0
15	74	0
15	75	0
15	76	1
15	77	0
15	78	1
15	79	0
15	80	1
15	81	0
15	82	1
15	83	0
15	84	1
15	85	0
15	86	0
15	87	0
15	88	0
15	89	1
15	90	0
15	91	0
15	92	0
15	93	0
15	94	1
15	95	1
15	96	0
15	97	1
15	98	1
15	99	0
16	0	0
16	1	0
16	2	0
16	3	1
16	4	1
16	5	1
16	6	0
16	7	1
16	8	0
16	9	1
16	10	1
16	11	0
16	12	1
16	13	1
16	14	1
16	15	1
16	16	1
16	17	0
16	18	0
16	19	0
16	20	1
16	21	1
16	22	1
16	23	0
16	24	1
16	25	0
16	26	0
16	27	0
16	28	1
16	29	0
16	30	0
16	31	0
16	32	0
16	33	1
16	34	0
16	35	0
16	36	0
16	37	1
16	38	1
16	39	0
16	40	1
16	41	0
16	42	1
16	43	0
16	44	1
16	45	1
16	46	0
16	47	0
16	48	1
16	49	0
16	50	1
16	51	1
16	52	0
16	53	1
16	54	1
16	55	1
16	56	1
16	57	0
16	58	0
16	59	0
16	60	0
16	61	0
16	62	1
16	63	0
16	64	0
16	65	0
16	66	0
16	67	1
16	68	0
16	69	1
16	70	1
16	71	0
16	72	0
16	73	1
16	74	1
16	75	1
16	76	1
16	77	1
16	78	0
16	79	1
16	80	0
16	81	1
16	82	0
16	83	1
16	84	0
16	85	1
16	86	1
16	87	1
16	88	1
16	89	0
16	90	0
16	91	0
16	92	1
16	93	1
16	94	0
16	95	0
16	96	1
16	97	0
16	98	0
16	99	1
17	0	1
17	1	1
17	2	0
17	3	0
17	4	0
17	5	0
17	6	1
17	7	1
17	8	1
17	9	0
17	10	0
17	11	1
17	12	1
17	13	0
17	14	0
17	15	1
17	16	0
17	17	1
17	18	1
17	19	1
17	20	0
17	21	1
17	22	0
17	23	0
17	24	0
17	25	1
17	26	0
17	27	1
17	28	0
17	29	1
17	30	1
17	31	0
17	32	1
17	33	0
17	34	0
17	35	1
17	36	1
17	37	0
17	38	0
17	39	1
17	40	0
17	41	0
17	42	0
17	43	1
17	44	0
17	45	0
17	46	1
17	47	1
17	48	0
17	49	1
17	50	0
17	51	1
17	52	0
17	53	1
17	54	0
17	55	1
17	56	1
17	57	1
17	58	1
17	59	1
17	60	1
17	61	1
17	62	1
17	63	1
17	64	1
17	65	1
17	66	1
17	67	1
17	68	1
17	69	0
17	70	0
17	71	0
17	72	1
17	73	0
17	74	0
17	75	1
17	76	0
17	77	0
17	78	1
17	79	0
17	80	1
17	81	0
17	82	1
17	83	0
17	84	1
17	85	0
17	86	0
17	87	0
17	88	0
17	89	1
17	90	0
17	91	0
17	92	0
17	93	0
17	94	1
17	95	1
17	96	0
17	97	1
17	98	1
17	99	0
18	0	1
18	1	1
18	2	0
18	3	0
18	4	0
18	5	0
18	6	1
18	7	0
18	8	1
18	9	0
18	10	0
18	11	1
18	12	0
18	13	0
18	14	0
18	15	1
18	16	0
18	17	1
18	18	1
18	19	1
18	20	0
18	21	0
18	22	0
18	23	0
18	24	0
18	25	1
18	26	0
18	27	1
18	28	1
18	29	1
18	30	1
18	31	0
18	32	1
18	33	0
18	34	0
18	35	1
18	36	1
18	37	0
18	38	0
18	39	1
18	40	0
18	41	0
18	42	0
18	43	1
18	44	0
18	45	0
18	46	1
18	47	1
18	48	0
18	49	1
18	50	1
18	51	0
18	52	0
18	53	1
18	54	1
18	55	0
18	56	0
18	57	1
18	58	1
18	59	1
18	60	1
18	61	1
18	62	0
18	63	1
18	64	1
18	65	1
18	66	1
18	67	0
18	68	1
18	69	1
18	70	0
18	71	0
18	72	1
18	73	0
18	74	0
18	75	1
18	76	0
18	77	1
18	78	1
18	79	0
18	80	1
18	81	0
18	82	1
18	83	0
18	84	1
18	85	0
18	86	0
18	87	0
18	88	0
18	89	1
18	90	1
18	91	0
18	92	0
18	93	0
18	94	1
18	95	1
18	96	0
18	97	1
18	98	1
18	99	0
19	0	1
19	1	1
19	2	0
19	3	0
19	4	0
19	5	0
19	6	1
19	7	0
19	8	1
19	9	1
19	10	0
19	11	1
19	12	0
19	13	0
19	14	1
19	15	1
19	16	1
19	17	1
19	18	1
19	19	1
19	20	0
19	21	0
19	22	1
19	23	0
19	24	0
19	25	1
19	26	0
19	27	1
19	28	0
19	29	1
19	30	1
19	31	0
19	32	1
19	33	0
19	34	0
19	35	1
19	36	1
19	37	0
19	38	1
19	39	1
19	40	0
19	41	0
19	42	0
19	43	1
19	44	0
19	45	0
19	46	1
19	47	1
19	48	0
19	49	1
19	50	0
19	51	0
19	52	1
19	53	0
19	54	0
19	55	0
19	56	0
19	57	1
19	58	1
19	59	1
19	60	1
19	61	1
19	62	1
19	63	1
19	64	1
19	65	0
19	66	1
19	67	0
19	68	1
19	69	1
19	70	1
19	71	0
19	72	1
19	73	0
19	74	0
19	75	0
19	76	0
19	77	0
19	78	1
19	79	0
19	80	1
19	81	0
19	82	1
19	83	0
19	84	1
19	85	0
19	86	0
19	87	0
19	88	1
19	89	1
19	90	0
19	91	0
19	92	0
19	93	1
19	94	1
19	95	1
19	96	0
19	97	1
19	98	1
19	99	1
20	0	0
20	1	0
20	2	1
20	3	1
20	4	1
20	5	1
20	6	0
20	7	0
20	8	0
20	9	1
20	10	1
20	11	0
20	12	1
20	13	1
20	14	1
20	15	0
20	16	1
20	17	0
20	18	0
20	19	0
20	20	1
20	21	1
20	22	1
20	23	0
20	24	1
20	25	1
20	26	0
20	27	0
20	28	1
20	29	1
20	30	0
20	31	0
20	32	0
20	33	1
20	34	1
20	35	0
20	36	0
20	37	1
20	38	1
20	39	0
20	40	0
20	41	1
20	42	1
20	43	0
20	44	1
20	45	1
20	46	0
20	47	0
20	48	0
20	49	0
20	50	1
20	51	1
20	52	1
20	53	0
20	54	1
20	55	1
20	56	1
20	57	0
20	58	0
20	59	0
20	60	0
20	61	0
20	62	1
20	63	0
20	64	0
20	65	1
20	66	0
20	67	0
20	68	0
20	69	1
20	70	1
20	71	1
20	72	0
20	73	1
20	74	1
20	75	1
20	76	1
20	77	1
20	78	0
20	79	1
20	80	0
20	81	1
20	82	1
20	83	1
20	84	0
20	85	1
20	86	1
20	87	1
20	88	0
20	89	0
20	90	0
20	91	0
20	92	0
20	93	1
20	94	0
20	95	0
20	96	1
20	97	0
20	98	0
20	99	1
21	0	0
21	1	0
21	2	1
21	3	1
21	4	1
21	5	1
21	6	0
21	7	0
21	8	0
21	9	1
21	10	0
21	11	0
21	12	1
21	13	1
21	14	1
21	15	0
21	16	1
21	17	0
21	18	0
21	19	0
21	20	1
21	21	1
21	22	0
21	23	0
21	24	0
21	25	0
21	26	1
21	27	0
21	28	1
21	29	0
21	30	0
21	31	1
21	32	1
21	33	1
21	34	1
21	35	0
21	36	0
21	37	1
21	38	1
21	39	0
21	40	1
21	41	0
21	42	1
21	43	0
21	44	1
21	45	1
21	46	0
21	47	0
21	48	1
21	49	0
21	50	1
21	51	1
21	52	0
21	53	0
21	54	0
21	55	1
21	56	1
21	57	0
21	58	0
21	59	0
21	60	0
21	61	0
21	62	1
21	63	1
21	64	0
21	65	1
21	66	0
21	67	1
21	68	0
21	69	1
21	70	1
21	71	0
21	72	1
21	73	1
21	74	1
21	75	1
21	76	1
21	77	1
21	78	0
21	79	0
21	80	0
21	81	1
21	82	0
21	83	1
21	84	0
21	85	1
21	86	1
21	87	1
21	88	1
21	89	0
21	90	1
21	91	1
21	92	1
21	93	1
21	94	0
21	95	0
21	96	1
21	97	0
21	98	0
21	99	1
22	0	0
22	1	0
22	2	1
22	3	1
22	4	1
22	5	1
22	6	0
22	7	1
22	8	0
22	9	1
22	10	1
22	11	0
22	12	1
22	13	1
22	14	1
22	15	0
22	16	1
22	17	0
22	18	0
22	19	0
22	20	1
22	21	0
22	22	1
22	23	1
22	24	1
22	25	1
22	26	1
22	27	0
22	28	1
22	29	1
22	30	1
22	31	1
22	32	0
22	33	1
22	34	1
22	35	0
22	36	0
22	37	1
22	38	0
22	39	0
22	40	1
22	41	1
22	42	0
22	43	0
22	44	1
22	45	1
22	46	0
22	47	1
22	48	1
22	49	0
22	50	1
22	51	0
22	52	1
22	53	1
22	54	1
22	55	1
22	56	1
22	57	0
22	58	0
22	59	0
22	60	0
22	61	0
22	62	1
22	63	0
22	64	0
22	65	1
22	66	0
22	67	1
22	68	1
22	69	1
22	70	1
22	71	1
22	72	0
22	73	1
22	74	1
22	75	1
22	76	1
22	77	1
22	78	0
22	79	1
22	80	0
22	81	1
22	82	0
22	83	1
22	84	0
22	85	1
22	86	1
22	87	1
22	88	1
22	89	0
22	90	1
22	91	1
22	92	1
22	93	1
22	94	0
22	95	0
22	96	1
22	97	0
22	98	0
22	99	1
23	0	1
23	1	0
23	2	1
23	3	1
23	4	1
23	5	0
23	6	1
23	7	1
23	8	0
23	9	0
23	10	1
23	11	0
23	12	1
23	13	1
23	14	1
23	15	0
23	16	0
23	17	0
23	18	0
23	19	0
23	20	0
23	21	0
23	22	1
23	23	1
23	24	1
23	25	0
23	26	1
23	27	1
23	28	1
23	29	0
23	30	0
23	31	1
23	32	1
23	33	0
23	34	1
23	35	1
23	36	0
23	37	1
23	38	0
23	39	0
23	40	1
23	41	1
23	42	0
23	43	0
23	44	1
23	45	1
23	46	0
23	47	1
23	48	1
23	49	0
23	50	1
23	51	0
23	52	1
23	53	1
23	54	1
23	55	1
23	56	1
23	57	0
23	58	0
23	59	0
23	60	0
23	61	1
23	62	1
23	63	0
23	64	1
23	65	1
23	66	0
23	67	1
23	68	0
23	69	1
23	70	0
23	71	1
23	72	1
23	73	1
23	74	1
23	75	1
23	76	1
23	77	0
23	78	0
23	79	1
23	80	0
23	81	0
23	82	0
23	83	1
23	84	0
23	85	1
23	86	0
23	87	1
23	88	1
23	89	1
23	90	1
23	91	1
23	92	1
23	93	0
23	94	1
23	95	0
23	96	0
23	97	0
23	98	1
23	99	1
24	0	0
24	1	0
24	2	1
24	3	1
24	4	0
24	5	1
24	6	0
24	7	1
24	8	0
24	9	1
24	10	1
24	11	0
24	12	1
24	13	1
24	14	1
24	15	0
24	16	0
24	17	0
24	18	0
24	19	0
24	20	1
24	21	0
24	22	1
24	23	1
24	24	1
24	25	0
24	26	1
24	27	0
24	28	1
24	29	0
24	30	0
24	31	1
24	32	0
24	33	1
24	34	1
24	35	0
24	36	0
24	37	1
24	38	1
24	39	1
24	40	1
24	41	1
24	42	0
24	43	0
24	44	1
24	45	0
24	46	1
24	47	0
24	48	1
24	49	1
24	50	1
24	51	0
24	52	1
24	53	1
24	54	1
24	55	1
24	56	0
24	57	0
24	58	0
24	59	0
24	60	0
24	61	0
24	62	1
24	63	1
24	64	0
24	65	1
24	66	1
24	67	1
24	68	0
24	69	1
24	70	1
24	71	1
24	72	0
24	73	1
24	74	1
24	75	1
24	76	1
24	77	1
24	78	0
24	79	1
24	80	0
24	81	1
24	82	1
24	83	1
24	84	1
24	85	1
24	86	0
24	87	0
24	88	1
24	89	1
24	90	1
24	91	1
24	92	1
24	93	1
24	94	0
24	95	1
24	96	1
24	97	0
24	98	0
24	99	1
25	0	1
25	1	1
25	2	1
25	3	0
25	4	0
25	5	0
25	6	1
25	7	0
25	8	1
25	9	0
25	10	0
25	11	1
25	12	0
25	13	1
25	14	0
25	15	1
25	16	0
25	17	1
25	18	1
25	19	1
25	20	0
25	21	0
25	22	0
25	23	0
25	24	0
25	25	1
25	26	1
25	27	1
25	28	0
25	29	1
25	30	1
25	31	0
25	32	1
25	33	1
25	34	0
25	35	1
25	36	1
25	37	0
25	38	0
25	39	1
25	40	1
25	41	0
25	42	0
25	43	1
25	44	0
25	45	0
25	46	1
25	47	1
25	48	0
25	49	1
25	50	0
25	51	0
25	52	0
25	53	0
25	54	0
25	55	0
25	56	0
25	57	1
25	58	1
25	59	1
25	60	1
25	61	1
25	62	0
25	63	1
25	64	1
25	65	0
25	66	1
25	67	1
25	68	1
25	69	0
25	70	0
25	71	0
25	72	1
25	73	0
25	74	0
25	75	0
25	76	0
25	77	0
25	78	1
25	79	0
25	80	1
25	81	0
25	82	1
25	83	0
25	84	1
25	85	0
25	86	0
25	87	0
25	88	0
25	89	1
25	90	0
25	91	0
25	92	0
25	93	0
25	94	1
25	95	1
25	96	0
25	97	1
25	98	1
25	99	0
26	0	0
26	1	0
26	2	1
26	3	1
26	4	1
26	5	1
26	6	1
26	7	1
26	8	0
26	9	1
26	10	1
26	11	1
26	12	1
26	13	1
26	14	1
26	15	0
26	16	1
26	17	0
26	18	1
26	19	0
26	20	0
26	21	1
26	22	1
26	23	1
26	24	1
26	25	0
26	26	1
26	27	0
26	28	1
26	29	0
26	30	0
26	31	1
26	32	0
26	33	1
26	34	1
26	35	0
26	36	0
26	37	1
26	38	1
26	39	1
26	40	1
26	41	1
26	42	1
26	43	0
26	44	1
26	45	1
26	46	0
26	47	0
26	48	1
26	49	0
26	50	1
26	51	0
26	52	1
26	53	1
26	54	1
26	55	0
26	56	1
26	57	0
26	58	0
26	59	0
26	60	0
26	61	0
26	62	1
26	63	0
26	64	0
26	65	1
26	66	1
26	67	1
26	68	0
26	69	1
26	70	1
26	71	1
26	72	1
26	73	1
26	74	0
26	75	1
26	76	1
26	77	1
26	78	0
26	79	1
26	80	0
26	81	1
26	82	0
26	83	1
26	84	0
26	85	1
26	86	1
26	87	1
26	88	1
26	89	0
26	90	1
26	91	1
26	92	1
26	93	1
26	94	0
26	95	0
26	96	1
26	97	0
26	98	0
26	99	1
27	0	1
27	1	1
27	2	0
27	3	0
27	4	1
27	5	0
27	6	1
27	7	0
27	8	1
27	9	0
27	10	0
27	11	1
27	12	1
27	13	0
27	14	0
27	15	1
27	16	0
27	17	1
27	18	1
27	19	1
27	20	0
27	21	0
27	22	0
27	23	1
27	24	0
27	25	1
27	26	0
27	27	1
27	28	0
27	29	1
27	30	1
27	31	0
27	32	1
27	33	0
27	34	0
27	35	1
27	36	1
27	37	1
27	38	0
27	39	1
27	40	1
27	41	1
27	42	0
27	43	1
27	44	0
27	45	0
27	46	1
27	47	1
27	48	0
27	49	1
27	50	0
27	51	0
27	52	1
27	53	0
27	54	0
27	55	0
27	56	0
27	57	1
27	58	1
27	59	1
27	60	1
27	61	1
27	62	0
27	63	1
27	64	1
27	65	0
27	66	1
27	67	0
27	68	1
27	69	0
27	70	0
27	71	0
27	72	1
27	73	0
27	74	0
27	75	0
27	76	1
27	77	0
27	78	1
27	79	0
27	80	1
27	81	0
27	82	1
27	83	0
27	84	1
27	85	0
27	86	0
27	87	0
27	88	1
27	89	1
27	90	1
27	91	0
27	92	1
27	93	0
27	94	1
27	95	1
27	96	0
27	97	1
27	98	1
27	99	0
28	0	0
28	1	0
28	2	1
28	3	0
28	4	1
28	5	1
28	6	0
28	7	0
28	8	0
28	9	1
28	10	1
28	11	0
28	12	0
28	13	1
28	14	1
28	15	0
28	16	1
28	17	0
28	18	0
28	19	0
28	20	1
28	21	1
28	22	1
28	23	1
28	24	1
28	25	0
28	26	1
28	27	0
28	28	1
28	29	0
28	30	0
28	31	0
28	32	0
28	33	1
28	34	1
28	35	0
28	36	0
28	37	1
28	38	1
28	39	0
28	40	0
28	41	1
28	42	1
28	43	0
28	44	1
28	45	1
28	46	0
28	47	0
28	48	1
28	49	0
28	50	1
28	51	1
28	52	1
28	53	0
28	54	0
28	55	1
28	56	1
28	57	0
28	58	0
28	59	0
28	60	0
28	61	0
28	62	1
28	63	0
28	64	0
28	65	1
28	66	0
28	67	1
28	68	0
28	69	0
28	70	1
28	71	1
28	72	0
28	73	1
28	74	1
28	75	0
28	76	1
28	77	1
28	78	0
28	79	1
28	80	1
28	81	1
28	82	0
28	83	1
28	84	0
28	85	1
28	86	1
28	87	1
28	88	0
28	89	0
28	90	1
28	91	1
28	92	0
28	93	1
28	94	0
28	95	0
28	96	1
28	97	0
28	98	0
28	99	1
29	0	1
29	1	1
29	2	0
29	3	0
29	4	0
29	5	0
29	6	1
29	7	0
29	8	1
29	9	0
29	10	0
29	11	1
29	12	0
29	13	0
29	14	0
29	15	1
29	16	0
29	17	1
29	18	1
29	19	1
29	20	0
29	21	0
29	22	0
29	23	1
29	24	0
29	25	1
29	26	0
29	27	1
29	28	0
29	29	1
29	30	1
29	31	0
29	32	1
29	33	0
29	34	0
29	35	1
29	36	1
29	37	1
29	38	1
29	39	1
29	40	0
29	41	0
29	42	0
29	43	1
29	44	0
29	45	0
29	46	1
29	47	1
29	48	1
29	49	1
29	50	0
29	51	0
29	52	0
29	53	0
29	54	1
29	55	0
29	56	0
29	57	1
29	58	1
29	59	1
29	60	1
29	61	1
29	62	0
29	63	1
29	64	1
29	65	0
29	66	1
29	67	0
29	68	1
29	69	0
29	70	0
29	71	1
29	72	1
29	73	0
29	74	0
29	75	1
29	76	0
29	77	0
29	78	1
29	79	0
29	80	1
29	81	0
29	82	1
29	83	0
29	84	1
29	85	0
29	86	0
29	87	0
29	88	0
29	89	1
29	90	0
29	91	0
29	92	0
29	93	1
29	94	1
29	95	1
29	96	0
29	97	1
29	98	1
29	99	0
30	0	1
30	1	1
30	2	1
30	3	0
30	4	0
30	5	0
30	6	1
30	7	0
30	8	1
30	9	0
30	10	1
30	11	1
30	12	0
30	13	0
30	14	0
30	15	1
30	16	0
30	17	1
30	18	1
30	19	1
30	20	0
30	21	0
30	22	0
30	23	0
30	24	0
30	25	1
30	26	0
30	27	1
30	28	0
30	29	1
30	30	1
30	31	0
30	32	1
30	33	0
30	34	1
30	35	1
30	36	1
30	37	0
30	38	0
30	39	1
30	40	0
30	41	1
30	42	0
30	43	1
30	44	0
30	45	0
30	46	1
30	47	1
30	48	1
30	49	1
30	50	1
30	51	0
30	52	0
30	53	1
30	54	0
30	55	0
30	56	0
30	57	1
30	58	1
30	59	1
30	60	1
30	61	1
30	62	0
30	63	1
30	64	1
30	65	0
30	66	1
30	67	0
30	68	1
30	69	0
30	70	0
30	71	0
30	72	1
30	73	0
30	74	0
30	75	0
30	76	0
30	77	0
30	78	1
30	79	0
30	80	1
30	81	0
30	82	1
30	83	1
30	84	1
30	85	0
30	86	0
30	87	0
30	88	0
30	89	1
30	90	0
30	91	0
30	92	0
30	93	0
30	94	1
30	95	1
30	96	0
30	97	1
30	98	1
30	99	0
31	0	0
31	1	0
31	2	1
31	3	1
31	4	1
31	5	1
31	6	0
31	7	1
31	8	0
31	9	1
31	10	1
31	11	0
31	12	1
31	13	0
31	14	0
31	15	0
31	16	0
31	17	0
31	18	0
31	19	0
31	20	1
31	21	1
31	22	1
31	23	1
31	24	1
31	25	0
31	26	1
31	27	0
31	28	0
31	29	0
31	30	0
31	31	1
31	32	0
31	33	1
31	34	1
31	35	0
31	36	0
31	37	1
31	38	1
31	39	1
31	40	1
31	41	1
31	42	1
31	43	0
31	44	1
31	45	0
31	46	0
31	47	0
31	48	1
31	49	0
31	50	1
31	51	1
31	52	1
31	53	1
31	54	1
31	55	1
31	56	1
31	57	0
31	58	0
31	59	0
31	60	0
31	61	1
31	62	1
31	63	0
31	64	0
31	65	1
31	66	0
31	67	1
31	68	0
31	69	1
31	70	1
31	71	1
31	72	0
31	73	1
31	74	0
31	75	1
31	76	1
31	77	0
31	78	0
31	79	1
31	80	0
31	81	1
31	82	0
31	83	1
31	84	0
31	85	1
31	86	1
31	87	0
31	88	1
31	89	0
31	90	1
31	91	1
31	92	1
31	93	1
31	94	0
31	95	0
31	96	0
31	97	0
31	98	1
31	99	1
32	0	1
32	1	1
32	2	0
32	3	0
32	4	0
32	5	0
32	6	1
32	7	0
32	8	1
32	9	0
32	10	0
32	11	1
32	12	1
32	13	0
32	14	0
32	15	1
32	16	1
32	17	1
32	18	1
32	19	1
32	20	0
32	21	0
32	22	1
32	23	0
32	24	0
32	25	1
32	26	0
32	27	1
32	28	0
32	29	1
32	30	1
32	31	0
32	32	1
32	33	0
32	34	0
32	35	1
32	36	1
32	37	0
32	38	0
32	39	1
32	40	0
32	41	0
32	42	0
32	43	1
32	44	0
32	45	0
32	46	1
32	47	1
32	48	0
32	49	1
32	50	0
32	51	0
32	52	0
32	53	1
32	54	0
32	55	0
32	56	0
32	57	1
32	58	1
32	59	1
32	60	1
32	61	1
32	62	0
32	63	1
32	64	1
32	65	0
32	66	1
32	67	0
32	68	1
32	69	0
32	70	0
32	71	0
32	72	1
32	73	0
32	74	0
32	75	0
32	76	0
32	77	0
32	78	1
32	79	0
32	80	1
32	81	0
32	82	1
32	83	1
32	84	1
32	85	0
32	86	0
32	87	0
32	88	0
32	89	1
32	90	0
32	91	0
32	92	0
32	93	0
32	94	1
32	95	1
32	96	0
32	97	1
32	98	1
32	99	1
33	0	0
33	1	0
33	2	1
33	3	0
33	4	1
33	5	1
33	6	0
33	7	0
33	8	0
33	9	1
33	10	0
33	11	0
33	12	1
33	13	1
33	14	1
33	15	0
33	16	1
33	17	1
33	18	0
33	19	0
33	20	1
33	21	1
33	22	1
33	23	1
33	24	1
33	25	0
33	26	1
33	27	0
33	28	1
33	29	0
33	30	0
33	31	0
33	32	0
33	33	1
33	34	1
33	35	0
33	36	0
33	37	1
33	38	1
33	39	0
33	40	0
33	41	1
33	42	1
33	43	0
33	44	1
33	45	1
33	46	0
33	47	0
33	48	0
33	49	0
33	50	0
33	51	1
33	52	1
33	53	1
33	54	1
33	55	1
33	56	1
33	57	0
33	58	0
33	59	0
33	60	0
33	61	0
33	62	1
33	63	0
33	64	0
33	65	0
33	66	0
33	67	1
33	68	0
33	69	1
33	70	1
33	71	0
33	72	0
33	73	1
33	74	1
33	75	0
33	76	1
33	77	1
33	78	0
33	79	0
33	80	0
33	81	1
33	82	0
33	83	1
33	84	0
33	85	1
33	86	1
33	87	1
33	88	0
33	89	0
33	90	1
33	91	1
33	92	1
33	93	1
33	94	0
33	95	0
33	96	1
33	97	0
33	98	0
33	99	1
34	0	0
34	1	0
34	2	1
34	3	1
34	4	1
34	5	0
34	6	0
34	7	1
34	8	1
34	9	1
34	10	1
34	11	0
34	12	1
34	13	1
34	14	1
34	15	0
34	16	1
34	17	0
34	18	0
34	19	0
34	20	0
34	21	1
34	22	1
34	23	1
34	24	1
34	25	0
34	26	1
34	27	1
34	28	0
34	29	0
34	30	0
34	31	1
34	32	1
34	33	1
34	34	1
34	35	0
34	36	0
34	37	0
34	38	1
34	39	0
34	40	1
34	41	1
34	42	0
34	43	0
34	44	1
34	45	0
34	46	0
34	47	0
34	48	1
34	49	0
34	50	1
34	51	1
34	52	1
34	53	1
34	54	1
34	55	0
34	56	1
34	57	0
34	58	0
34	59	0
34	60	0
34	61	0
34	62	0
34	63	0
34	64	0
34	65	1
34	66	0
34	67	1
34	68	0
34	69	1
34	70	1
34	71	1
34	72	0
34	73	1
34	74	0
34	75	1
34	76	1
34	77	1
34	78	1
34	79	1
34	80	0
34	81	1
34	82	0
34	83	1
34	84	0
34	85	1
34	86	1
34	87	0
34	88	1
34	89	0
34	90	1
34	91	1
34	92	1
34	93	1
34	94	0
34	95	0
34	96	1
34	97	0
34	98	0
34	99	1
35	0	1
35	1	1
35	2	0
35	3	0
35	4	0
35	5	0
35	6	1
35	7	0
35	8	1
35	9	0
35	10	0
35	11	1
35	12	0
35	13	0
35	14	0
35	15	1
35	16	0
35	17	1
35	18	1
35	19	1
35	20	0
35	21	0
35	22	0
35	23	1
35	24	1
35	25	1
35	26	0
35	27	1
35	28	0
35	29	1
35	30	1
35	31	0
35	32	1
35	33	0
35	34	0
35	35	1
35	36	1
35	37	0
35	38	0
35	39	1
35	40	1
35	41	0
35	42	0
35	43	1
35	44	1
35	45	0
35	46	1
35	47	1
35	48	0
35	49	1
35	50	1
35	51	0
35	52	0
35	53	0
35	54	0
35	55	0
35	56	0
35	57	1
35	58	1
35	59	1
35	60	1
35	61	1
35	62	0
35	63	1
35	64	1
35	65	0
35	66	1
35	67	1
35	68	1
35	69	1
35	70	0
35	71	0
35	72	1
35	73	0
35	74	0
35	75	0
35	76	0
35	77	0
35	78	1
35	79	0
35	80	1
35	81	0
35	82	1
35	83	0
35	84	1
35	85	1
35	86	0
35	87	0
35	88	0
35	89	1
35	90	0
35	91	1
35	92	0
35	93	0
35	94	1
35	95	1
35	96	1
35	97	1
35	98	1
35	99	0
36	0	1
36	1	1
36	2	0
36	3	1
36	4	0
36	5	0
36	6	1
36	7	1
36	8	1
36	9	0
36	10	0
36	11	1
36	12	0
36	13	1
36	14	0
36	15	1
36	16	0
36	17	1
36	18	1
36	19	1
36	20	0
36	21	0
36	22	0
36	23	1
36	24	0
36	25	1
36	26	0
36	27	1
36	28	0
36	29	1
36	30	1
36	31	0
36	32	1
36	33	0
36	34	0
36	35	1
36	36	1
36	37	0
36	38	0
36	39	1
36	40	0
36	41	0
36	42	0
36	43	1
36	44	0
36	45	1
36	46	1
36	47	1
36	48	1
36	49	1
36	50	0
36	51	0
36	52	0
36	53	0
36	54	0
36	55	0
36	56	0
36	57	1
36	58	1
36	59	1
36	60	1
36	61	1
36	62	0
36	63	1
36	64	1
36	65	0
36	66	1
36	67	0
36	68	1
36	69	0
36	70	0
36	71	0
36	72	1
36	73	0
36	74	0
36	75	0
36	76	1
36	77	0
36	78	1
36	79	0
36	80	1
36	81	0
36	82	1
36	83	0
36	84	1
36	85	0
36	86	0
36	87	0
36	88	0
36	89	1
36	90	0
36	91	0
36	92	1
36	93	0
36	94	1
36	95	1
36	96	0
36	97	1
36	98	1
36	99	0
37	0	0
37	1	0
37	2	0
37	3	1
37	4	1
37	5	1
37	6	0
37	7	1
37	8	0
37	9	1
37	10	0
37	11	0
37	12	0
37	13	1
37	14	1
37	15	0
37	16	1
37	17	0
37	18	0
37	19	0
37	20	1
37	21	1
37	22	0
37	23	1
37	24	0
37	25	0
37	26	1
37	27	0
37	28	1
37	29	0
37	30	0
37	31	1
37	32	0
37	33	1
37	34	1
37	35	0
37	36	0
37	37	1
37	38	1
37	39	0
37	40	0
37	41	1
37	42	1
37	43	0
37	44	1
37	45	1
37	46	0
37	47	0
37	48	1
37	49	0
37	50	1
37	51	1
37	52	1
37	53	1
37	54	1
37	55	1
37	56	1
37	57	1
37	58	0
37	59	0
37	60	0
37	61	0
37	62	1
37	63	0
37	64	0
37	65	1
37	66	0
37	67	0
37	68	0
37	69	1
37	70	1
37	71	1
37	72	0
37	73	1
37	74	1
37	75	1
37	76	1
37	77	1
37	78	0
37	79	1
37	80	0
37	81	1
37	82	0
37	83	1
37	84	1
37	85	1
37	86	1
37	87	1
37	88	1
37	89	1
37	90	1
37	91	1
37	92	1
37	93	1
37	94	0
37	95	0
37	96	1
37	97	0
37	98	0
37	99	1
38	0	0
38	1	0
38	2	1
38	3	1
38	4	1
38	5	1
38	6	0
38	7	1
38	8	0
38	9	1
38	10	0
38	11	0
38	12	1
38	13	1
38	14	1
38	15	0
38	16	1
38	17	0
38	18	0
38	19	0
38	20	1
38	21	1
38	22	1
38	23	1
38	24	0
38	25	1
38	26	0
38	27	0
38	28	1
38	29	0
38	30	1
38	31	1
38	32	0
38	33	1
38	34	1
38	35	0
38	36	0
38	37	1
38	38	1
38	39	0
38	40	1
38	41	1
38	42	1
38	43	0
38	44	1
38	45	1
38	46	0
38	47	0
38	48	1
38	49	0
38	50	0
38	51	1
38	52	1
38	53	1
38	54	0
38	55	1
38	56	1
38	57	0
38	58	1
38	59	0
38	60	0
38	61	0
38	62	1
38	63	0
38	64	0
38	65	0
38	66	0
38	67	1
38	68	0
38	69	1
38	70	1
38	71	1
38	72	0
38	73	1
38	74	1
38	75	1
38	76	1
38	77	1
38	78	0
38	79	1
38	80	0
38	81	1
38	82	0
38	83	1
38	84	0
38	85	1
38	86	1
38	87	1
38	88	1
38	89	0
38	90	1
38	91	0
38	92	1
38	93	1
38	94	0
38	95	0
38	96	1
38	97	0
38	98	0
38	99	1
39	0	1
39	1	1
39	2	0
39	3	0
39	4	0
39	5	0
39	6	1
39	7	1
39	8	1
39	9	0
39	10	0
39	11	1
39	12	0
39	13	0
39	14	0
39	15	1
39	16	0
39	17	1
39	18	1
39	19	1
39	20	0
39	21	0
39	22	0
39	23	0
39	24	0
39	25	1
39	26	0
39	27	1
39	28	1
39	29	1
39	30	1
39	31	0
39	32	1
39	33	0
39	34	0
39	35	1
39	36	1
39	37	0
39	38	0
39	39	1
39	40	1
39	41	0
39	42	0
39	43	1
39	44	1
39	45	0
39	46	1
39	47	1
39	48	0
39	49	1
39	50	1
39	51	0
39	52	0
39	53	0
39	54	0
39	55	0
39	56	0
39	57	1
39	58	1
39	59	1
39	60	1
39	61	1
39	62	0
39	63	1
39	64	1
39	65	0
39	66	1
39	67	0
39	68	1
39	69	0
39	70	0
39	71	0
39	72	1
39	73	0
39	74	0
39	75	1
39	76	0
39	77	0
39	78	1
39	79	0
39	80	1
39	81	0
39	82	1
39	83	0
39	84	1
39	85	0
39	86	0
39	87	0
39	88	1
39	89	1
39	90	0
39	91	1
39	92	0
39	93	0
39	94	1
39	95	1
39	96	0
39	97	1
39	98	1
39	99	0
40	0	0
40	1	0
40	2	1
40	3	1
40	4	1
40	5	1
40	6	1
40	7	1
40	8	1
40	9	1
40	10	1
40	11	1
40	12	1
40	13	1
40	14	0
40	15	0
40	16	1
40	17	0
40	18	0
40	19	0
40	20	0
40	21	0
40	22	1
40	23	1
40	24	1
40	25	0
40	26	1
40	27	0
40	28	1
40	29	0
40	30	1
40	31	1
40	32	0
40	33	1
40	34	1
40	35	0
40	36	0
40	37	1
40	38	1
40	39	0
40	40	1
40	41	1
40	42	1
40	43	0
40	44	1
40	45	1
40	46	1
40	47	0
40	48	1
40	49	0
40	50	1
40	51	0
40	52	1
40	53	1
40	54	1
40	55	1
40	56	1
40	57	1
40	58	0
40	59	0
40	60	1
40	61	0
40	62	0
40	63	1
40	64	0
40	65	1
40	66	0
40	67	1
40	68	0
40	69	1
40	70	1
40	71	1
40	72	0
40	73	1
40	74	1
40	75	1
40	76	1
40	77	0
40	78	0
40	79	1
40	80	0
40	81	0
40	82	0
40	83	1
40	84	0
40	85	1
40	86	1
40	87	1
40	88	1
40	89	0
40	90	1
40	91	1
40	92	1
40	93	0
40	94	1
40	95	0
40	96	1
40	97	0
40	98	1
40	99	1
41	0	0
41	1	0
41	2	1
41	3	1
41	4	1
41	5	0
41	6	0
41	7	1
41	8	0
41	9	1
41	10	1
41	11	0
41	12	1
41	13	1
41	14	1
41	15	0
41	16	1
41	17	0
41	18	0
41	19	0
41	20	1
41	21	0
41	22	1
41	23	1
41	24	1
41	25	1
41	26	1
41	27	0
41	28	0
41	29	0
41	30	0
41	31	1
41	32	0
41	33	1
41	34	1
41	35	0
41	36	0
41	37	1
41	38	1
41	39	1
41	40	1
41	41	1
41	42	1
41	43	0
41	44	1
41	45	1
41	46	0
41	47	0
41	48	1
41	49	0
41	50	1
41	51	1
41	52	1
41	53	1
41	54	1
41	55	1
41	56	1
41	57	0
41	58	0
41	59	1
41	60	0
41	61	0
41	62	1
41	63	1
41	64	0
41	65	1
41	66	0
41	67	1
41	68	1
41	69	1
41	70	0
41	71	1
41	72	0
41	73	1
41	74	0
41	75	1
41	76	1
41	77	0
41	78	0
41	79	1
41	80	0
41	81	1
41	82	0
41	83	1
41	84	0
41	85	0
41	86	1
41	87	1
41	88	1
41	89	1
41	90	1
41	91	1
41	92	1
41	93	1
41	94	0
41	95	0
41	96	1
41	97	0
41	98	0
41	99	1
42	0	0
42	1	0
42	2	1
42	3	0
42	4	1
42	5	1
42	6	0
42	7	0
42	8	0
42	9	1
42	10	1
42	11	0
42	12	1
42	13	1
42	14	1
42	15	0
42	16	1
42	17	0
42	18	0
42	19	0
42	20	1
42	21	1
42	22	1
42	23	1
42	24	1
42	25	0
42	26	1
42	27	0
42	28	1
42	29	0
42	30	1
42	31	1
42	32	0
42	33	1
42	34	1
42	35	0
42	36	0
42	37	1
42	38	1
42	39	0
42	40	1
42	41	1
42	42	1
42	43	0
42	44	1
42	45	1
42	46	0
42	47	0
42	48	1
42	49	0
42	50	0
42	51	1
42	52	1
42	53	1
42	54	1
42	55	1
42	56	1
42	57	0
42	58	0
42	59	0
42	60	0
42	61	1
42	62	1
42	63	1
42	64	0
42	65	1
42	66	1
42	67	0
42	68	0
42	69	1
42	70	1
42	71	1
42	72	0
42	73	1
42	74	1
42	75	0
42	76	0
42	77	1
42	78	0
42	79	1
42	80	0
42	81	1
42	82	0
42	83	1
42	84	0
42	85	1
42	86	1
42	87	1
42	88	0
42	89	0
42	90	1
42	91	0
42	92	0
42	93	1
42	94	0
42	95	0
42	96	1
42	97	0
42	98	0
42	99	1
43	0	1
43	1	1
43	2	0
43	3	1
43	4	0
43	5	0
43	6	1
43	7	0
43	8	1
43	9	0
43	10	0
43	11	1
43	12	0
43	13	1
43	14	0
43	15	1
43	16	0
43	17	1
43	18	1
43	19	1
43	20	0
43	21	0
43	22	0
43	23	0
43	24	0
43	25	1
43	26	0
43	27	1
43	28	0
43	29	1
43	30	1
43	31	1
43	32	1
43	33	0
43	34	0
43	35	1
43	36	1
43	37	0
43	38	0
43	39	1
43	40	0
43	41	1
43	42	0
43	43	1
43	44	0
43	45	0
43	46	1
43	47	1
43	48	1
43	49	1
43	50	0
43	51	1
43	52	0
43	53	1
43	54	0
43	55	0
43	56	0
43	57	1
43	58	1
43	59	1
43	60	1
43	61	1
43	62	0
43	63	1
43	64	1
43	65	0
43	66	1
43	67	0
43	68	1
43	69	0
43	70	0
43	71	0
43	72	1
43	73	0
43	74	1
43	75	0
43	76	0
43	77	0
43	78	1
43	79	0
43	80	1
43	81	0
43	82	1
43	83	0
43	84	1
43	85	0
43	86	1
43	87	0
43	88	0
43	89	1
43	90	0
43	91	1
43	92	1
43	93	0
43	94	1
43	95	1
43	96	0
43	97	1
43	98	1
43	99	0
44	0	1
44	1	0
44	2	1
44	3	1
44	4	1
44	5	1
44	6	0
44	7	1
44	8	1
44	9	1
44	10	1
44	11	0
44	12	1
44	13	0
44	14	1
44	15	1
44	16	0
44	17	0
44	18	1
44	19	0
44	20	1
44	21	1
44	22	1
44	23	1
44	24	1
44	25	0
44	26	1
44	27	0
44	28	1
44	29	1
44	30	1
44	31	1
44	32	0
44	33	1
44	34	1
44	35	1
44	36	0
44	37	1
44	38	1
44	39	0
44	40	1
44	41	1
44	42	1
44	43	0
44	44	1
44	45	1
44	46	1
44	47	0
44	48	1
44	49	0
44	50	1
44	51	1
44	52	1
44	53	1
44	54	1
44	55	1
44	56	1
44	57	0
44	58	0
44	59	0
44	60	0
44	61	0
44	62	0
44	63	0
44	64	1
44	65	1
44	66	0
44	67	1
44	68	0
44	69	1
44	70	1
44	71	1
44	72	1
44	73	0
44	74	1
44	75	1
44	76	1
44	77	1
44	78	1
44	79	1
44	80	0
44	81	0
44	82	0
44	83	1
44	84	0
44	85	0
44	86	1
44	87	0
44	88	1
44	89	0
44	90	1
44	91	1
44	92	1
44	93	1
44	94	0
44	95	0
44	96	0
44	97	0
44	98	0
44	99	1
45	0	0
45	1	0
45	2	1
45	3	1
45	4	1
45	5	1
45	6	0
45	7	1
45	8	0
45	9	1
45	10	0
45	11	0
45	12	1
45	13	1
45	14	1
45	15	1
45	16	1
45	17	0
45	18	0
45	19	0
45	20	1
45	21	1
45	22	1
45	23	0
45	24	1
45	25	0
45	26	1
45	27	0
45	28	1
45	29	0
45	30	0
45	31	0
45	32	0
45	33	1
45	34	1
45	35	0
45	36	1
45	37	1
45	38	1
45	39	0
45	40	0
45	41	0
45	42	1
45	43	0
45	44	1
45	45	1
45	46	0
45	47	0
45	48	1
45	49	0
45	50	1
45	51	1
45	52	1
45	53	0
45	54	1
45	55	1
45	56	1
45	57	0
45	58	0
45	59	0
45	60	0
45	61	0
45	62	1
45	63	0
45	64	0
45	65	1
45	66	0
45	67	1
45	68	0
45	69	1
45	70	1
45	71	1
45	72	0
45	73	1
45	74	1
45	75	1
45	76	0
45	77	1
45	78	1
45	79	1
45	80	0
45	81	1
45	82	1
45	83	1
45	84	0
45	85	1
45	86	1
45	87	1
45	88	0
45	89	0
45	90	0
45	91	1
45	92	1
45	93	1
45	94	0
45	95	1
45	96	1
45	97	0
45	98	0
45	99	1
46	0	1
46	1	1
46	2	0
46	3	0
46	4	1
46	5	0
46	6	1
46	7	1
46	8	1
46	9	1
46	10	0
46	11	1
46	12	0
46	13	0
46	14	0
46	15	1
46	16	0
46	17	1
46	18	1
46	19	1
46	20	0
46	21	0
46	22	0
46	23	0
46	24	0
46	25	1
46	26	1
46	27	1
46	28	0
46	29	1
46	30	1
46	31	0
46	32	1
46	33	1
46	34	0
46	35	1
46	36	1
46	37	0
46	38	0
46	39	1
46	40	0
46	41	1
46	42	0
46	43	1
46	44	0
46	45	0
46	46	1
46	47	1
46	48	0
46	49	1
46	50	1
46	51	0
46	52	0
46	53	0
46	54	0
46	55	0
46	56	0
46	57	1
46	58	1
46	59	1
46	60	1
46	61	1
46	62	0
46	63	1
46	64	1
46	65	0
46	66	1
46	67	0
46	68	1
46	69	0
46	70	0
46	71	1
46	72	1
46	73	0
46	74	0
46	75	0
46	76	1
46	77	0
46	78	1
46	79	1
46	80	1
46	81	0
46	82	1
46	83	0
46	84	1
46	85	0
46	86	0
46	87	0
46	88	0
46	89	1
46	90	0
46	91	1
46	92	1
46	93	0
46	94	1
46	95	1
46	96	0
46	97	1
46	98	1
46	99	0
47	0	1
47	1	1
47	2	0
47	3	0
47	4	0
47	5	0
47	6	1
47	7	0
47	8	1
47	9	1
47	10	0
47	11	1
47	12	1
47	13	0
47	14	0
47	15	1
47	16	0
47	17	1
47	18	1
47	19	1
47	20	0
47	21	1
47	22	1
47	23	0
47	24	0
47	25	1
47	26	0
47	27	1
47	28	0
47	29	1
47	30	1
47	31	0
47	32	1
47	33	0
47	34	0
47	35	1
47	36	1
47	37	0
47	38	0
47	39	1
47	40	0
47	41	0
47	42	0
47	43	1
47	44	0
47	45	0
47	46	1
47	47	1
47	48	0
47	49	1
47	50	0
47	51	0
47	52	0
47	53	0
47	54	0
47	55	0
47	56	1
47	57	1
47	58	1
47	59	1
47	60	1
47	61	1
47	62	0
47	63	1
47	64	1
47	65	0
47	66	1
47	67	0
47	68	1
47	69	1
47	70	1
47	71	0
47	72	1
47	73	0
47	74	0
47	75	0
47	76	0
47	77	0
47	78	1
47	79	0
47	80	1
47	81	0
47	82	1
47	83	0
47	84	1
47	85	0
47	86	0
47	87	0
47	88	0
47	89	1
47	90	0
47	91	1
47	92	0
47	93	0
47	94	1
47	95	1
47	96	0
47	97	1
47	98	1
47	99	0
48	0	0
48	1	0
48	2	1
48	3	1
48	4	1
48	5	1
48	6	1
48	7	1
48	8	1
48	9	1
48	10	1
48	11	1
48	12	1
48	13	1
48	14	1
48	15	0
48	16	1
48	17	0
48	18	0
48	19	0
48	20	1
48	21	1
48	22	1
48	23	1
48	24	1
48	25	0
48	26	1
48	27	0
48	28	1
48	29	1
48	30	1
48	31	1
48	32	1
48	33	1
48	34	1
48	35	0
48	36	0
48	37	1
48	38	1
48	39	0
48	40	1
48	41	1
48	42	0
48	43	1
48	44	1
48	45	0
48	46	0
48	47	0
48	48	1
48	49	0
48	50	1
48	51	1
48	52	1
48	53	1
48	54	1
48	55	1
48	56	0
48	57	0
48	58	1
48	59	0
48	60	0
48	61	0
48	62	1
48	63	0
48	64	0
48	65	1
48	66	0
48	67	1
48	68	1
48	69	1
48	70	0
48	71	1
48	72	0
48	73	0
48	74	1
48	75	1
48	76	1
48	77	0
48	78	0
48	79	1
48	80	0
48	81	1
48	82	0
48	83	1
48	84	1
48	85	1
48	86	1
48	87	0
48	88	1
48	89	1
48	90	1
48	91	1
48	92	1
48	93	1
48	94	0
48	95	0
48	96	0
48	97	1
48	98	0
48	99	1
49	0	1
49	1	1
49	2	0
49	3	0
49	4	0
49	5	0
49	6	1
49	7	0
49	8	1
49	9	0
49	10	0
49	11	1
49	12	0
49	13	1
49	14	0
49	15	1
49	16	0
49	17	1
49	18	1
49	19	1
49	20	0
49	21	0
49	22	0
49	23	0
49	24	0
49	25	1
49	26	0
49	27	1
49	28	0
49	29	1
49	30	1
49	31	0
49	32	1
49	33	0
49	34	1
49	35	1
49	36	1
49	37	0
49	38	0
49	39	1
49	40	0
49	41	1
49	42	0
49	43	1
49	44	0
49	45	0
49	46	1
49	47	1
49	48	0
49	49	1
49	50	0
49	51	1
49	52	0
49	53	1
49	54	0
49	55	0
49	56	0
49	57	1
49	58	1
49	59	1
49	60	1
49	61	1
49	62	0
49	63	1
49	64	1
49	65	0
49	66	1
49	67	0
49	68	1
49	69	0
49	70	0
49	71	0
49	72	1
49	73	0
49	74	0
49	75	1
49	76	0
49	77	0
49	78	1
49	79	0
49	80	1
49	81	1
49	82	1
49	83	0
49	84	1
49	85	0
49	86	0
49	87	0
49	88	0
49	89	1
49	90	0
49	91	1
49	92	0
49	93	0
49	94	1
49	95	1
49	96	0
49	97	1
49	98	1
49	99	0
50	0	0
50	1	0
50	2	1
50	3	1
50	4	1
50	5	1
50	6	0
50	7	1
50	8	0
50	9	1
50	10	1
50	11	0
50	12	1
50	13	1
50	14	0
50	15	0
50	16	1
50	17	0
50	18	0
50	19	0
50	20	1
50	21	0
50	22	1
50	23	1
50	24	1
50	25	1
50	26	1
50	27	1
50	28	0
50	29	0
50	30	0
50	31	1
50	32	0
50	33	1
50	34	1
50	35	1
50	36	0
50	37	1
50	38	0
50	39	0
50	40	1
50	41	1
50	42	0
50	43	0
50	44	1
50	45	1
50	46	0
50	47	0
50	48	1
50	49	0
50	50	1
50	51	0
50	52	1
50	53	1
50	54	1
50	55	1
50	56	0
50	57	0
50	58	0
50	59	0
50	60	0
50	61	0
50	62	0
50	63	0
50	64	0
50	65	1
50	66	0
50	67	1
50	68	0
50	69	1
50	70	0
50	71	1
50	72	1
50	73	0
50	74	0
50	75	1
50	76	1
50	77	1
50	78	0
50	79	1
50	80	0
50	81	0
50	82	0
50	83	0
50	84	0
50	85	1
50	86	0
50	87	0
50	88	1
50	89	1
50	90	1
50	91	1
50	92	1
50	93	1
50	94	0
50	95	0
50	96	1
50	97	1
50	98	0
50	99	0
51	0	0
51	1	0
51	2	1
51	3	1
51	4	1
51	5	1
51	6	0
51	7	0
51	8	0
51	9	1
51	10	1
51	11	0
51	12	0
51	13	1
51	14	1
51	15	0
51	16	1
51	17	0
51	18	0
51	19	0
51	20	1
51	21	1
51	22	1
51	23	1
51	24	1
51	25	0
51	26	0
51	27	0
51	28	1
51	29	0
51	30	1
51	31	1
51	32	0
51	33	1
51	34	1
51	35	0
51	36	0
51	37	1
51	38	1
51	39	1
51	40	1
51	41	1
51	42	1
51	43	0
51	44	1
51	45	1
51	46	0
51	47	0
51	48	1
51	49	0
51	50	1
51	51	1
51	52	1
51	53	1
51	54	1
51	55	1
51	56	1
51	57	1
51	58	0
51	59	0
51	60	0
51	61	0
51	62	1
51	63	0
51	64	0
51	65	0
51	66	1
51	67	0
51	68	0
51	69	0
51	70	1
51	71	1
51	72	0
51	73	1
51	74	1
51	75	1
51	76	1
51	77	1
51	78	0
51	79	1
51	80	1
51	81	1
51	82	0
51	83	1
51	84	0
51	85	1
51	86	1
51	87	1
51	88	1
51	89	0
51	90	1
51	91	1
51	92	1
51	93	1
51	94	0
51	95	0
51	96	1
51	97	0
51	98	0
51	99	1
52	0	0
52	1	0
52	2	1
52	3	1
52	4	1
52	5	1
52	6	0
52	7	1
52	8	0
52	9	1
52	10	1
52	11	0
52	12	1
52	13	0
52	14	1
52	15	0
52	16	0
52	17	0
52	18	0
52	19	0
52	20	1
52	21	0
52	22	1
52	23	1
52	24	1
52	25	1
52	26	1
52	27	0
52	28	0
52	29	1
52	30	1
52	31	1
52	32	0
52	33	1
52	34	1
52	35	1
52	36	0
52	37	1
52	38	1
52	39	0
52	40	1
52	41	1
52	42	0
52	43	0
52	44	1
52	45	0
52	46	0
52	47	0
52	48	1
52	49	0
52	50	1
52	51	0
52	52	1
52	53	1
52	54	1
52	55	1
52	56	1
52	57	0
52	58	0
52	59	0
52	60	0
52	61	1
52	62	1
52	63	0
52	64	0
52	65	1
52	66	0
52	67	1
52	68	0
52	69	1
52	70	1
52	71	1
52	72	0
52	73	0
52	74	1
52	75	1
52	76	1
52	77	0
52	78	0
52	79	1
52	80	0
52	81	1
52	82	0
52	83	1
52	84	0
52	85	1
52	86	0
52	87	1
52	88	1
52	89	0
52	90	1
52	91	1
52	92	1
52	93	1
52	94	1
52	95	0
52	96	0
52	97	0
52	98	0
52	99	1
53	0	0
53	1	0
53	2	1
53	3	1
53	4	0
53	5	1
53	6	0
53	7	1
53	8	0
53	9	1
53	10	1
53	11	1
53	12	1
53	13	0
53	14	1
53	15	0
53	16	1
53	17	1
53	18	0
53	19	0
53	20	1
53	21	0
53	22	1
53	23	1
53	24	1
53	25	0
53	26	1
53	27	1
53	28	0
53	29	0
53	30	0
53	31	1
53	32	0
53	33	1
53	34	1
53	35	0
53	36	1
53	37	0
53	38	1
53	39	1
53	40	1
53	41	1
53	42	1
53	43	0
53	44	1
53	45	1
53	46	0
53	47	1
53	48	1
53	49	1
53	50	1
53	51	0
53	52	1
53	53	1
53	54	1
53	55	0
53	56	1
53	57	0
53	58	0
53	59	0
53	60	1
53	61	0
53	62	1
53	63	0
53	64	0
53	65	1
53	66	0
53	67	1
53	68	0
53	69	1
53	70	1
53	71	1
53	72	1
53	73	1
53	74	0
53	75	1
53	76	1
53	77	1
53	78	0
53	79	1
53	80	0
53	81	1
53	82	0
53	83	1
53	84	1
53	85	0
53	86	1
53	87	1
53	88	1
53	89	0
53	90	1
53	91	1
53	92	1
53	93	0
53	94	0
53	95	1
53	96	0
53	97	0
53	98	0
53	99	0
54	0	0
54	1	0
54	2	1
54	3	1
54	4	0
54	5	1
54	6	0
54	7	1
54	8	0
54	9	1
54	10	1
54	11	1
54	12	1
54	13	1
54	14	1
54	15	1
54	16	1
54	17	0
54	18	0
54	19	0
54	20	1
54	21	1
54	22	1
54	23	1
54	24	1
54	25	1
54	26	1
54	27	0
54	28	1
54	29	0
54	30	0
54	31	1
54	32	0
54	33	1
54	34	1
54	35	0
54	36	0
54	37	1
54	38	1
54	39	0
54	40	1
54	41	1
54	42	0
54	43	0
54	44	1
54	45	1
54	46	0
54	47	0
54	48	1
54	49	0
54	50	1
54	51	1
54	52	1
54	53	1
54	54	1
54	55	0
54	56	0
54	57	0
54	58	1
54	59	0
54	60	0
54	61	0
54	62	0
54	63	0
54	64	0
54	65	1
54	66	0
54	67	1
54	68	0
54	69	1
54	70	1
54	71	1
54	72	0
54	73	1
54	74	0
54	75	1
54	76	1
54	77	1
54	78	1
54	79	1
54	80	1
54	81	1
54	82	0
54	83	0
54	84	0
54	85	1
54	86	1
54	87	0
54	88	1
54	89	0
54	90	1
54	91	1
54	92	1
54	93	1
54	94	0
54	95	0
54	96	1
54	97	0
54	98	1
54	99	1
55	0	0
55	1	0
55	2	1
55	3	1
55	4	1
55	5	1
55	6	0
55	7	1
55	8	0
55	9	1
55	10	0
55	11	1
55	12	1
55	13	1
55	14	1
55	15	1
55	16	1
55	17	0
55	18	0
55	19	0
55	20	1
55	21	1
55	22	1
55	23	1
55	24	1
55	25	0
55	26	0
55	27	0
55	28	1
55	29	0
55	30	0
55	31	1
55	32	0
55	33	1
55	34	1
55	35	0
55	36	0
55	37	1
55	38	1
55	39	0
55	40	0
55	41	1
55	42	1
55	43	0
55	44	1
55	45	1
55	46	0
55	47	0
55	48	1
55	49	0
55	50	0
55	51	1
55	52	1
55	53	1
55	54	0
55	55	1
55	56	1
55	57	0
55	58	0
55	59	0
55	60	0
55	61	0
55	62	1
55	63	0
55	64	0
55	65	1
55	66	0
55	67	1
55	68	0
55	69	0
55	70	1
55	71	0
55	72	0
55	73	1
55	74	1
55	75	1
55	76	0
55	77	1
55	78	0
55	79	1
55	80	0
55	81	1
55	82	0
55	83	1
55	84	0
55	85	1
55	86	1
55	87	1
55	88	1
55	89	1
55	90	1
55	91	0
55	92	1
55	93	1
55	94	0
55	95	0
55	96	1
55	97	0
55	98	0
55	99	1
56	0	0
56	1	0
56	2	1
56	3	0
56	4	1
56	5	1
56	6	0
56	7	1
56	8	0
56	9	1
56	10	0
56	11	0
56	12	0
56	13	1
56	14	1
56	15	0
56	16	1
56	17	0
56	18	0
56	19	0
56	20	1
56	21	1
56	22	1
56	23	0
56	24	1
56	25	0
56	26	1
56	27	0
56	28	1
56	29	0
56	30	0
56	31	1
56	32	0
56	33	1
56	34	1
56	35	0
56	36	0
56	37	1
56	38	1
56	39	0
56	40	1
56	41	1
56	42	1
56	43	0
56	44	1
56	45	1
56	46	1
56	47	0
56	48	0
56	49	0
56	50	1
56	51	1
56	52	1
56	53	0
56	54	1
56	55	1
56	56	1
56	57	0
56	58	0
56	59	0
56	60	0
56	61	0
56	62	1
56	63	0
56	64	0
56	65	0
56	66	0
56	67	0
56	68	0
56	69	1
56	70	1
56	71	1
56	72	1
56	73	1
56	74	1
56	75	0
56	76	1
56	77	1
56	78	1
56	79	1
56	80	0
56	81	1
56	82	0
56	83	1
56	84	0
56	85	1
56	86	1
56	87	1
56	88	0
56	89	0
56	90	1
56	91	1
56	92	0
56	93	1
56	94	0
56	95	0
56	96	1
56	97	0
56	98	0
56	99	1
57	0	1
57	1	1
57	2	0
57	3	1
57	4	0
57	5	0
57	6	1
57	7	0
57	8	1
57	9	0
57	10	0
57	11	1
57	12	1
57	13	0
57	14	1
57	15	1
57	16	0
57	17	1
57	18	1
57	19	1
57	20	1
57	21	0
57	22	0
57	23	0
57	24	1
57	25	1
57	26	0
57	27	1
57	28	1
57	29	1
57	30	1
57	31	0
57	32	1
57	33	0
57	34	0
57	35	1
57	36	1
57	37	0
57	38	0
57	39	1
57	40	0
57	41	0
57	42	0
57	43	1
57	44	0
57	45	0
57	46	1
57	47	1
57	48	1
57	49	1
57	50	0
57	51	0
57	52	0
57	53	0
57	54	0
57	55	1
57	56	0
57	57	1
57	58	1
57	59	1
57	60	1
57	61	1
57	62	1
57	63	1
57	64	1
57	65	0
57	66	1
57	67	0
57	68	1
57	69	0
57	70	0
57	71	0
57	72	1
57	73	1
57	74	0
57	75	0
57	76	0
57	77	0
57	78	1
57	79	0
57	80	1
57	81	0
57	82	1
57	83	0
57	84	1
57	85	0
57	86	0
57	87	0
57	88	1
57	89	1
57	90	0
57	91	0
57	92	0
57	93	0
57	94	1
57	95	1
57	96	0
57	97	1
57	98	1
57	99	0
58	0	1
58	1	1
58	2	0
58	3	0
58	4	0
58	5	0
58	6	1
58	7	0
58	8	1
58	9	0
58	10	1
58	11	1
58	12	0
58	13	0
58	14	0
58	15	1
58	16	0
58	17	1
58	18	1
58	19	1
58	20	0
58	21	0
58	22	0
58	23	0
58	24	0
58	25	1
58	26	0
58	27	1
58	28	0
58	29	1
58	30	1
58	31	0
58	32	1
58	33	0
58	34	0
58	35	1
58	36	1
58	37	0
58	38	0
58	39	1
58	40	0
58	41	1
58	42	0
58	43	1
58	44	0
58	45	0
58	46	1
58	47	1
58	48	1
58	49	1
58	50	0
58	51	0
58	52	0
58	53	1
58	54	0
58	55	0
58	56	0
58	57	1
58	58	1
58	59	1
58	60	1
58	61	1
58	62	0
58	63	1
58	64	1
58	65	0
58	66	1
58	67	0
58	68	1
58	69	0
58	70	0
58	71	0
58	72	1
58	73	0
58	74	0
58	75	0
58	76	0
58	77	0
58	78	1
58	79	0
58	80	1
58	81	0
58	82	1
58	83	0
58	84	1
58	85	0
58	86	0
58	87	0
58	88	1
58	89	1
58	90	0
58	91	1
58	92	0
58	93	0
58	94	1
58	95	1
58	96	0
58	97	1
58	98	1
58	99	0
59	0	1
59	1	1
59	2	0
59	3	0
59	4	0
59	5	0
59	6	1
59	7	0
59	8	1
59	9	0
59	10	0
59	11	1
59	12	0
59	13	0
59	14	0
59	15	1
59	16	0
59	17	1
59	18	1
59	19	1
59	20	0
59	21	0
59	22	1
59	23	0
59	24	0
59	25	1
59	26	0
59	27	1
59	28	0
59	29	1
59	30	1
59	31	1
59	32	1
59	33	0
59	34	1
59	35	1
59	36	1
59	37	0
59	38	0
59	39	1
59	40	0
59	41	0
59	42	0
59	43	1
59	44	0
59	45	0
59	46	1
59	47	1
59	48	0
59	49	1
59	50	1
59	51	0
59	52	1
59	53	1
59	54	0
59	55	1
59	56	0
59	57	1
59	58	1
59	59	1
59	60	1
59	61	1
59	62	0
59	63	1
59	64	1
59	65	0
59	66	1
59	67	0
59	68	1
59	69	1
59	70	0
59	71	1
59	72	1
59	73	0
59	74	0
59	75	0
59	76	0
59	77	0
59	78	1
59	79	0
59	80	1
59	81	0
59	82	1
59	83	0
59	84	1
59	85	0
59	86	0
59	87	0
59	88	0
59	89	1
59	90	0
59	91	0
59	92	0
59	93	0
59	94	1
59	95	1
59	96	0
59	97	1
59	98	1
59	99	0
60	0	1
60	1	1
60	2	0
60	3	0
60	4	0
60	5	0
60	6	1
60	7	0
60	8	1
60	9	0
60	10	0
60	11	1
60	12	0
60	13	0
60	14	0
60	15	1
60	16	1
60	17	1
60	18	1
60	19	1
60	20	0
60	21	0
60	22	0
60	23	1
60	24	0
60	25	1
60	26	0
60	27	1
60	28	0
60	29	1
60	30	1
60	31	0
60	32	1
60	33	0
60	34	0
60	35	1
60	36	1
60	37	0
60	38	0
60	39	1
60	40	0
60	41	0
60	42	0
60	43	1
60	44	0
60	45	0
60	46	1
60	47	1
60	48	1
60	49	1
60	50	0
60	51	0
60	52	1
60	53	1
60	54	0
60	55	0
60	56	0
60	57	1
60	58	1
60	59	1
60	60	1
60	61	1
60	62	0
60	63	1
60	64	1
60	65	0
60	66	1
60	67	0
60	68	1
60	69	1
60	70	0
60	71	0
60	72	1
60	73	0
60	74	0
60	75	0
60	76	0
60	77	0
60	78	1
60	79	0
60	80	1
60	81	0
60	82	1
60	83	0
60	84	1
60	85	0
60	86	0
60	87	0
60	88	0
60	89	1
60	90	1
60	91	1
60	92	1
60	93	0
60	94	1
60	95	1
60	96	0
60	97	1
60	98	1
60	99	0
61	0	1
61	1	1
61	2	0
61	3	1
61	4	0
61	5	0
61	6	1
61	7	0
61	8	1
61	9	0
61	10	0
61	11	1
61	12	0
61	13	0
61	14	0
61	15	1
61	16	1
61	17	1
61	18	1
61	19	1
61	20	0
61	21	0
61	22	0
61	23	0
61	24	0
61	25	1
61	26	0
61	27	1
61	28	0
61	29	1
61	30	1
61	31	0
61	32	1
61	33	0
61	34	0
61	35	1
61	36	1
61	37	0
61	38	0
61	39	1
61	40	1
61	41	1
61	42	1
61	43	1
61	44	0
61	45	0
61	46	1
61	47	1
61	48	0
61	49	1
61	50	0
61	51	1
61	52	0
61	53	1
61	54	0
61	55	0
61	56	0
61	57	1
61	58	1
61	59	1
61	60	1
61	61	1
61	62	0
61	63	1
61	64	1
61	65	1
61	66	1
61	67	1
61	68	1
61	69	0
61	70	0
61	71	1
61	72	1
61	73	0
61	74	0
61	75	1
61	76	0
61	77	1
61	78	1
61	79	0
61	80	1
61	81	0
61	82	1
61	83	0
61	84	1
61	85	0
61	86	0
61	87	0
61	88	1
61	89	1
61	90	0
61	91	0
61	92	1
61	93	0
61	94	1
61	95	1
61	96	0
61	97	1
61	98	1
61	99	0
62	0	0
62	1	0
62	2	1
62	3	1
62	4	1
62	5	1
62	6	0
62	7	1
62	8	0
62	9	1
62	10	1
62	11	0
62	12	1
62	13	1
62	14	1
62	15	0
62	16	1
62	17	0
62	18	0
62	19	0
62	20	1
62	21	1
62	22	0
62	23	0
62	24	0
62	25	0
62	26	0
62	27	0
62	28	1
62	29	0
62	30	1
62	31	1
62	32	0
62	33	1
62	34	1
62	35	0
62	36	1
62	37	1
62	38	1
62	39	0
62	40	1
62	41	0
62	42	1
62	43	0
62	44	0
62	45	1
62	46	0
62	47	0
62	48	1
62	49	0
62	50	1
62	51	1
62	52	0
62	53	1
62	54	1
62	55	1
62	56	1
62	57	1
62	58	0
62	59	0
62	60	0
62	61	0
62	62	1
62	63	0
62	64	0
62	65	1
62	66	0
62	67	1
62	68	0
62	69	1
62	70	1
62	71	1
62	72	0
62	73	1
62	74	1
62	75	1
62	76	0
62	77	1
62	78	0
62	79	0
62	80	0
62	81	1
62	82	0
62	83	1
62	84	0
62	85	1
62	86	1
62	87	1
62	88	1
62	89	0
62	90	1
62	91	1
62	92	0
62	93	1
62	94	0
62	95	0
62	96	1
62	97	0
62	98	0
62	99	1
63	0	1
63	1	1
63	2	0
63	3	0
63	4	0
63	5	0
63	6	1
63	7	0
63	8	1
63	9	0
63	10	0
63	11	1
63	12	0
63	13	0
63	14	0
63	15	1
63	16	0
63	17	1
63	18	1
63	19	1
63	20	0
63	21	0
63	22	0
63	23	0
63	24	0
63	25	1
63	26	1
63	27	1
63	28	1
63	29	1
63	30	1
63	31	1
63	32	1
63	33	0
63	34	0
63	35	1
63	36	1
63	37	0
63	38	0
63	39	1
63	40	0
63	41	1
63	42	0
63	43	1
63	44	1
63	45	0
63	46	1
63	47	1
63	48	1
63	49	1
63	50	0
63	51	0
63	52	0
63	53	0
63	54	0
63	55	0
63	56	0
63	57	1
63	58	1
63	59	1
63	60	1
63	61	1
63	62	0
63	63	1
63	64	1
63	65	0
63	66	1
63	67	0
63	68	1
63	69	0
63	70	0
63	71	0
63	72	1
63	73	1
63	74	0
63	75	0
63	76	0
63	77	1
63	78	1
63	79	0
63	80	1
63	81	0
63	82	1
63	83	0
63	84	1
63	85	0
63	86	0
63	87	0
63	88	0
63	89	1
63	90	1
63	91	0
63	92	0
63	93	0
63	94	1
63	95	1
63	96	0
63	97	1
63	98	1
63	99	0
64	0	1
64	1	1
64	2	0
64	3	0
64	4	0
64	5	0
64	6	1
64	7	0
64	8	1
64	9	0
64	10	0
64	11	1
64	12	0
64	13	0
64	14	0
64	15	1
64	16	0
64	17	1
64	18	1
64	19	1
64	20	0
64	21	0
64	22	1
64	23	0
64	24	0
64	25	1
64	26	0
64	27	1
64	28	0
64	29	1
64	30	1
64	31	0
64	32	1
64	33	0
64	34	1
64	35	1
64	36	1
64	37	1
64	38	0
64	39	1
64	40	0
64	41	1
64	42	0
64	43	1
64	44	0
64	45	0
64	46	1
64	47	1
64	48	0
64	49	1
64	50	1
64	51	0
64	52	0
64	53	0
64	54	1
64	55	0
64	56	0
64	57	1
64	58	1
64	59	1
64	60	1
64	61	1
64	62	0
64	63	1
64	64	1
64	65	0
64	66	1
64	67	0
64	68	1
64	69	1
64	70	0
64	71	0
64	72	1
64	73	0
64	74	0
64	75	0
64	76	0
64	77	0
64	78	1
64	79	1
64	80	1
64	81	0
64	82	1
64	83	0
64	84	1
64	85	1
64	86	0
64	87	0
64	88	0
64	89	1
64	90	0
64	91	0
64	92	0
64	93	0
64	94	1
64	95	1
64	96	0
64	97	1
64	98	1
64	99	0
65	0	0
65	1	1
65	2	1
65	3	1
65	4	1
65	5	0
65	6	0
65	7	1
65	8	0
65	9	0
65	10	1
65	11	0
65	12	1
65	13	1
65	14	1
65	15	1
65	16	1
65	17	0
65	18	0
65	19	0
65	20	1
65	21	1
65	22	1
65	23	1
65	24	1
65	25	1
65	26	1
65	27	0
65	28	1
65	29	0
65	30	0
65	31	1
65	32	0
65	33	1
65	34	1
65	35	0
65	36	0
65	37	0
65	38	0
65	39	0
65	40	1
65	41	1
65	42	0
65	43	0
65	44	1
65	45	1
65	46	0
65	47	0
65	48	1
65	49	0
65	50	1
65	51	1
65	52	1
65	53	1
65	54	1
65	55	1
65	56	1
65	57	0
65	58	0
65	59	0
65	60	0
65	61	0
65	62	0
65	63	0
65	64	0
65	65	1
65	66	0
65	67	1
65	68	1
65	69	1
65	70	1
65	71	1
65	72	0
65	73	1
65	74	1
65	75	1
65	76	1
65	77	1
65	78	0
65	79	1
65	80	0
65	81	1
65	82	1
65	83	1
65	84	0
65	85	1
65	86	1
65	87	1
65	88	1
65	89	0
65	90	1
65	91	1
65	92	1
65	93	0
65	94	0
65	95	0
65	96	0
65	97	0
65	98	0
65	99	1
66	0	1
66	1	1
66	2	0
66	3	0
66	4	0
66	5	0
66	6	1
66	7	0
66	8	1
66	9	0
66	10	0
66	11	1
66	12	0
66	13	0
66	14	1
66	15	1
66	16	0
66	17	1
66	18	1
66	19	1
66	20	0
66	21	0
66	22	0
66	23	1
66	24	0
66	25	1
66	26	1
66	27	1
66	28	0
66	29	1
66	30	1
66	31	0
66	32	1
66	33	0
66	34	0
66	35	1
66	36	1
66	37	0
66	38	1
66	39	1
66	40	0
66	41	0
66	42	1
66	43	1
66	44	0
66	45	0
66	46	1
66	47	1
66	48	1
66	49	1
66	50	0
66	51	0
66	52	0
66	53	0
66	54	1
66	55	0
66	56	0
66	57	1
66	58	1
66	59	1
66	60	1
66	61	1
66	62	0
66	63	1
66	64	1
66	65	0
66	66	1
66	67	0
66	68	1
66	69	0
66	70	0
66	71	0
66	72	1
66	73	0
66	74	0
66	75	0
66	76	0
66	77	0
66	78	1
66	79	1
66	80	1
66	81	0
66	82	1
66	83	0
66	84	1
66	85	0
66	86	0
66	87	1
66	88	0
66	89	1
66	90	0
66	91	0
66	92	1
66	93	0
66	94	1
66	95	1
66	96	0
66	97	1
66	98	1
66	99	0
67	0	0
67	1	0
67	2	1
67	3	1
67	4	1
67	5	1
67	6	0
67	7	1
67	8	0
67	9	1
67	10	1
67	11	0
67	12	1
67	13	1
67	14	1
67	15	0
67	16	1
67	17	0
67	18	0
67	19	0
67	20	0
67	21	1
67	22	1
67	23	1
67	24	1
67	25	0
67	26	1
67	27	0
67	28	1
67	29	1
67	30	0
67	31	1
67	32	0
67	33	1
67	34	1
67	35	0
67	36	0
67	37	1
67	38	1
67	39	0
67	40	1
67	41	1
67	42	1
67	43	0
67	44	1
67	45	0
67	46	0
67	47	0
67	48	1
67	49	1
67	50	1
67	51	0
67	52	1
67	53	1
67	54	1
67	55	0
67	56	1
67	57	0
67	58	0
67	59	0
67	60	0
67	61	1
67	62	1
67	63	0
67	64	0
67	65	1
67	66	0
67	67	1
67	68	1
67	69	1
67	70	1
67	71	1
67	72	0
67	73	1
67	74	0
67	75	1
67	76	1
67	77	1
67	78	0
67	79	1
67	80	0
67	81	1
67	82	0
67	83	1
67	84	0
67	85	0
67	86	1
67	87	0
67	88	1
67	89	0
67	90	1
67	91	1
67	92	1
67	93	1
67	94	0
67	95	0
67	96	1
67	97	0
67	98	0
67	99	1
68	0	1
68	1	1
68	2	0
68	3	0
68	4	1
68	5	0
68	6	1
68	7	0
68	8	1
68	9	0
68	10	0
68	11	1
68	12	1
68	13	0
68	14	0
68	15	1
68	16	0
68	17	1
68	18	1
68	19	1
68	20	0
68	21	0
68	22	0
68	23	0
68	24	0
68	25	1
68	26	0
68	27	1
68	28	0
68	29	1
68	30	1
68	31	0
68	32	1
68	33	0
68	34	1
68	35	1
68	36	1
68	37	0
68	38	0
68	39	1
68	40	0
68	41	0
68	42	1
68	43	1
68	44	0
68	45	0
68	46	1
68	47	1
68	48	0
68	49	1
68	50	0
68	51	0
68	52	0
68	53	0
68	54	0
68	55	0
68	56	1
68	57	1
68	58	1
68	59	1
68	60	1
68	61	1
68	62	0
68	63	1
68	64	1
68	65	0
68	66	1
68	67	1
68	68	1
68	69	0
68	70	0
68	71	0
68	72	1
68	73	0
68	74	0
68	75	0
68	76	1
68	77	0
68	78	1
68	79	0
68	80	1
68	81	0
68	82	1
68	83	0
68	84	1
68	85	0
68	86	0
68	87	0
68	88	0
68	89	1
68	90	1
68	91	0
68	92	0
68	93	0
68	94	1
68	95	1
68	96	0
68	97	1
68	98	1
68	99	1
69	0	0
69	1	0
69	2	1
69	3	1
69	4	1
69	5	1
69	6	0
69	7	1
69	8	0
69	9	1
69	10	1
69	11	0
69	12	1
69	13	0
69	14	0
69	15	0
69	16	1
69	17	0
69	18	0
69	19	0
69	20	1
69	21	1
69	22	1
69	23	1
69	24	1
69	25	0
69	26	1
69	27	0
69	28	1
69	29	0
69	30	0
69	31	1
69	32	0
69	33	0
69	34	1
69	35	0
69	36	0
69	37	1
69	38	1
69	39	0
69	40	1
69	41	1
69	42	0
69	43	1
69	44	1
69	45	0
69	46	1
69	47	0
69	48	1
69	49	0
69	50	1
69	51	0
69	52	1
69	53	1
69	54	1
69	55	1
69	56	1
69	57	0
69	58	0
69	59	0
69	60	0
69	61	0
69	62	0
69	63	0
69	64	0
69	65	1
69	66	0
69	67	1
69	68	0
69	69	1
69	70	0
69	71	1
69	72	0
69	73	0
69	74	1
69	75	1
69	76	1
69	77	1
69	78	0
69	79	1
69	80	0
69	81	1
69	82	0
69	83	1
69	84	0
69	85	1
69	86	1
69	87	1
69	88	1
69	89	1
69	90	1
69	91	1
69	92	1
69	93	0
69	94	0
69	95	1
69	96	1
69	97	0
69	98	0
69	99	1
70	0	0
70	1	0
70	2	0
70	3	1
70	4	1
70	5	1
70	6	0
70	7	1
70	8	0
70	9	1
70	10	1
70	11	0
70	12	1
70	13	1
70	14	1
70	15	1
70	16	1
70	17	0
70	18	1
70	19	0
70	20	1
70	21	1
70	22	1
70	23	1
70	24	1
70	25	0
70	26	1
70	27	0
70	28	1
70	29	0
70	30	0
70	31	1
70	32	0
70	33	1
70	34	0
70	35	0
70	36	0
70	37	1
70	38	1
70	39	1
70	40	1
70	41	0
70	42	1
70	43	0
70	44	1
70	45	1
70	46	0
70	47	0
70	48	1
70	49	0
70	50	1
70	51	1
70	52	1
70	53	1
70	54	1
70	55	1
70	56	1
70	57	1
70	58	1
70	59	0
70	60	0
70	61	0
70	62	1
70	63	0
70	64	0
70	65	1
70	66	0
70	67	1
70	68	0
70	69	1
70	70	1
70	71	0
70	72	0
70	73	1
70	74	1
70	75	0
70	76	0
70	77	1
70	78	0
70	79	1
70	80	0
70	81	1
70	82	0
70	83	1
70	84	0
70	85	1
70	86	1
70	87	1
70	88	1
70	89	0
70	90	1
70	91	1
70	92	0
70	93	1
70	94	0
70	95	0
70	96	1
70	97	0
70	98	0
70	99	1
71	0	1
71	1	1
71	2	1
71	3	1
71	4	1
71	5	1
71	6	0
71	7	1
71	8	0
71	9	1
71	10	1
71	11	0
71	12	1
71	13	1
71	14	0
71	15	0
71	16	0
71	17	0
71	18	0
71	19	0
71	20	0
71	21	1
71	22	1
71	23	1
71	24	1
71	25	0
71	26	1
71	27	0
71	28	1
71	29	1
71	30	1
71	31	1
71	32	1
71	33	1
71	34	1
71	35	0
71	36	1
71	37	1
71	38	0
71	39	0
71	40	1
71	41	1
71	42	1
71	43	0
71	44	1
71	45	1
71	46	0
71	47	0
71	48	1
71	49	0
71	50	1
71	51	1
71	52	1
71	53	1
71	54	1
71	55	1
71	56	0
71	57	0
71	58	0
71	59	0
71	60	0
71	61	0
71	62	1
71	63	0
71	64	0
71	65	1
71	66	0
71	67	1
71	68	0
71	69	1
71	70	0
71	71	1
71	72	0
71	73	1
71	74	1
71	75	1
71	76	1
71	77	1
71	78	0
71	79	1
71	80	0
71	81	0
71	82	0
71	83	0
71	84	0
71	85	0
71	86	0
71	87	0
71	88	1
71	89	0
71	90	1
71	91	1
71	92	1
71	93	0
71	94	0
71	95	0
71	96	1
71	97	0
71	98	0
71	99	1
72	0	1
72	1	1
72	2	0
72	3	0
72	4	0
72	5	0
72	6	1
72	7	0
72	8	1
72	9	0
72	10	0
72	11	1
72	12	0
72	13	0
72	14	0
72	15	1
72	16	0
72	17	1
72	18	1
72	19	1
72	20	1
72	21	0
72	22	0
72	23	0
72	24	0
72	25	1
72	26	0
72	27	1
72	28	0
72	29	1
72	30	1
72	31	0
72	32	1
72	33	0
72	34	1
72	35	1
72	36	1
72	37	0
72	38	1
72	39	1
72	40	0
72	41	0
72	42	1
72	43	1
72	44	0
72	45	1
72	46	1
72	47	1
72	48	1
72	49	1
72	50	1
72	51	0
72	52	0
72	53	0
72	54	1
72	55	0
72	56	0
72	57	1
72	58	1
72	59	1
72	60	1
72	61	1
72	62	1
72	63	1
72	64	1
72	65	1
72	66	1
72	67	0
72	68	1
72	69	0
72	70	0
72	71	0
72	72	1
72	73	0
72	74	1
72	75	0
72	76	0
72	77	0
72	78	1
72	79	0
72	80	1
72	81	0
72	82	1
72	83	0
72	84	1
72	85	0
72	86	0
72	87	0
72	88	0
72	89	1
72	90	0
72	91	0
72	92	1
72	93	0
72	94	1
72	95	1
72	96	0
72	97	1
72	98	1
72	99	0
73	0	0
73	1	0
73	2	0
73	3	1
73	4	1
73	5	1
73	6	0
73	7	0
73	8	0
73	9	1
73	10	1
73	11	0
73	12	1
73	13	1
73	14	1
73	15	1
73	16	1
73	17	0
73	18	0
73	19	0
73	20	1
73	21	1
73	22	1
73	23	1
73	24	0
73	25	0
73	26	0
73	27	0
73	28	1
73	29	0
73	30	0
73	31	1
73	32	0
73	33	1
73	34	1
73	35	0
73	36	0
73	37	1
73	38	1
73	39	0
73	40	1
73	41	1
73	42	1
73	43	0
73	44	1
73	45	1
73	46	1
73	47	0
73	48	1
73	49	1
73	50	1
73	51	1
73	52	1
73	53	0
73	54	1
73	55	1
73	56	1
73	57	0
73	58	0
73	59	0
73	60	0
73	61	0
73	62	1
73	63	1
73	64	0
73	65	1
73	66	0
73	67	1
73	68	0
73	69	1
73	70	1
73	71	1
73	72	0
73	73	1
73	74	1
73	75	1
73	76	1
73	77	1
73	78	0
73	79	1
73	80	0
73	81	1
73	82	1
73	83	1
73	84	0
73	85	1
73	86	1
73	87	1
73	88	0
73	89	0
73	90	0
73	91	0
73	92	1
73	93	1
73	94	0
73	95	1
73	96	1
73	97	0
73	98	0
73	99	1
74	0	0
74	1	0
74	2	0
74	3	1
74	4	1
74	5	1
74	6	1
74	7	0
74	8	0
74	9	1
74	10	1
74	11	1
74	12	1
74	13	1
74	14	1
74	15	0
74	16	1
74	17	0
74	18	0
74	19	0
74	20	1
74	21	1
74	22	1
74	23	1
74	24	1
74	25	0
74	26	1
74	27	0
74	28	1
74	29	0
74	30	0
74	31	1
74	32	0
74	33	1
74	34	0
74	35	1
74	36	0
74	37	1
74	38	1
74	39	0
74	40	1
74	41	1
74	42	1
74	43	0
74	44	0
74	45	1
74	46	1
74	47	0
74	48	1
74	49	0
74	50	1
74	51	1
74	52	1
74	53	0
74	54	1
74	55	1
74	56	1
74	57	1
74	58	1
74	59	0
74	60	0
74	61	0
74	62	1
74	63	0
74	64	0
74	65	0
74	66	0
74	67	1
74	68	0
74	69	1
74	70	1
74	71	1
74	72	0
74	73	1
74	74	1
74	75	1
74	76	1
74	77	1
74	78	0
74	79	0
74	80	0
74	81	1
74	82	1
74	83	1
74	84	0
74	85	1
74	86	1
74	87	1
74	88	1
74	89	0
74	90	1
74	91	0
74	92	0
74	93	1
74	94	0
74	95	0
74	96	1
74	97	0
74	98	0
74	99	1
75	0	0
75	1	0
75	2	1
75	3	1
75	4	0
75	5	1
75	6	0
75	7	1
75	8	0
75	9	1
75	10	1
75	11	0
75	12	1
75	13	1
75	14	1
75	15	0
75	16	1
75	17	1
75	18	0
75	19	1
75	20	1
75	21	1
75	22	1
75	23	1
75	24	1
75	25	0
75	26	1
75	27	1
75	28	1
75	29	0
75	30	0
75	31	1
75	32	1
75	33	1
75	34	1
75	35	0
75	36	1
75	37	1
75	38	0
75	39	0
75	40	1
75	41	1
75	42	1
75	43	0
75	44	1
75	45	1
75	46	0
75	47	0
75	48	1
75	49	0
75	50	1
75	51	1
75	52	1
75	53	1
75	54	1
75	55	1
75	56	1
75	57	0
75	58	0
75	59	0
75	60	0
75	61	0
75	62	1
75	63	0
75	64	0
75	65	1
75	66	0
75	67	1
75	68	0
75	69	1
75	70	1
75	71	1
75	72	0
75	73	1
75	74	1
75	75	1
75	76	1
75	77	1
75	78	0
75	79	1
75	80	0
75	81	1
75	82	0
75	83	1
75	84	0
75	85	1
75	86	1
75	87	1
75	88	1
75	89	1
75	90	1
75	91	1
75	92	1
75	93	0
75	94	0
75	95	1
75	96	0
75	97	0
75	98	0
75	99	0
76	0	1
76	1	1
76	2	1
76	3	1
76	4	1
76	5	1
76	6	0
76	7	1
76	8	0
76	9	1
76	10	1
76	11	0
76	12	1
76	13	1
76	14	0
76	15	0
76	16	1
76	17	0
76	18	1
76	19	0
76	20	0
76	21	1
76	22	1
76	23	1
76	24	1
76	25	0
76	26	1
76	27	0
76	28	1
76	29	0
76	30	1
76	31	1
76	32	0
76	33	1
76	34	1
76	35	0
76	36	0
76	37	0
76	38	1
76	39	0
76	40	1
76	41	1
76	42	0
76	43	0
76	44	1
76	45	1
76	46	0
76	47	0
76	48	1
76	49	0
76	50	1
76	51	1
76	52	1
76	53	1
76	54	1
76	55	0
76	56	1
76	57	0
76	58	0
76	59	1
76	60	0
76	61	0
76	62	0
76	63	1
76	64	0
76	65	1
76	66	0
76	67	1
76	68	0
76	69	1
76	70	1
76	71	1
76	72	0
76	73	1
76	74	0
76	75	1
76	76	1
76	77	1
76	78	1
76	79	1
76	80	0
76	81	1
76	82	0
76	83	1
76	84	0
76	85	1
76	86	1
76	87	1
76	88	1
76	89	0
76	90	1
76	91	1
76	92	1
76	93	1
76	94	0
76	95	0
76	96	0
76	97	0
76	98	0
76	99	1
77	0	0
77	1	0
77	2	0
77	3	0
77	4	1
77	5	1
77	6	0
77	7	1
77	8	0
77	9	1
77	10	1
77	11	0
77	12	1
77	13	1
77	14	1
77	15	0
77	16	1
77	17	0
77	18	1
77	19	0
77	20	1
77	21	1
77	22	1
77	23	0
77	24	1
77	25	0
77	26	1
77	27	1
77	28	1
77	29	0
77	30	0
77	31	1
77	32	0
77	33	1
77	34	1
77	35	0
77	36	0
77	37	1
77	38	1
77	39	0
77	40	0
77	41	1
77	42	1
77	43	0
77	44	0
77	45	1
77	46	0
77	47	1
77	48	1
77	49	0
77	50	1
77	51	1
77	52	1
77	53	1
77	54	0
77	55	1
77	56	1
77	57	0
77	58	1
77	59	0
77	60	0
77	61	0
77	62	1
77	63	0
77	64	0
77	65	1
77	66	0
77	67	1
77	68	0
77	69	1
77	70	1
77	71	1
77	72	0
77	73	1
77	74	1
77	75	1
77	76	1
77	77	1
77	78	0
77	79	1
77	80	0
77	81	1
77	82	0
77	83	1
77	84	0
77	85	1
77	86	1
77	87	1
77	88	1
77	89	0
77	90	1
77	91	1
77	92	0
77	93	1
77	94	0
77	95	0
77	96	1
77	97	1
77	98	0
77	99	1
78	0	1
78	1	1
78	2	0
78	3	1
78	4	0
78	5	0
78	6	1
78	7	1
78	8	1
78	9	0
78	10	0
78	11	1
78	12	0
78	13	0
78	14	0
78	15	1
78	16	0
78	17	1
78	18	1
78	19	1
78	20	0
78	21	1
78	22	0
78	23	0
78	24	0
78	25	1
78	26	0
78	27	1
78	28	0
78	29	1
78	30	1
78	31	0
78	32	1
78	33	0
78	34	0
78	35	1
78	36	1
78	37	0
78	38	0
78	39	1
78	40	0
78	41	0
78	42	0
78	43	1
78	44	1
78	45	0
78	46	1
78	47	1
78	48	0
78	49	1
78	50	0
78	51	0
78	52	0
78	53	0
78	54	0
78	55	0
78	56	0
78	57	1
78	58	1
78	59	1
78	60	1
78	61	1
78	62	0
78	63	1
78	64	1
78	65	0
78	66	1
78	67	0
78	68	1
78	69	1
78	70	0
78	71	1
78	72	1
78	73	0
78	74	0
78	75	0
78	76	0
78	77	0
78	78	1
78	79	0
78	80	1
78	81	1
78	82	1
78	83	0
78	84	1
78	85	0
78	86	0
78	87	0
78	88	0
78	89	1
78	90	0
78	91	0
78	92	0
78	93	0
78	94	1
78	95	1
78	96	1
78	97	1
78	98	1
78	99	0
79	0	0
79	1	0
79	2	1
79	3	1
79	4	1
79	5	0
79	6	1
79	7	1
79	8	1
79	9	0
79	10	1
79	11	0
79	12	1
79	13	1
79	14	1
79	15	0
79	16	0
79	17	0
79	18	0
79	19	0
79	20	1
79	21	1
79	22	1
79	23	1
79	24	1
79	25	1
79	26	1
79	27	0
79	28	1
79	29	0
79	30	1
79	31	1
79	32	0
79	33	1
79	34	1
79	35	1
79	36	0
79	37	1
79	38	1
79	39	1
79	40	1
79	41	1
79	42	1
79	43	0
79	44	1
79	45	1
79	46	0
79	47	1
79	48	1
79	49	0
79	50	1
79	51	1
79	52	1
79	53	1
79	54	1
79	55	0
79	56	0
79	57	0
79	58	0
79	59	0
79	60	0
79	61	1
79	62	1
79	63	0
79	64	0
79	65	1
79	66	0
79	67	1
79	68	0
79	69	1
79	70	1
79	71	1
79	72	0
79	73	1
79	74	0
79	75	1
79	76	1
79	77	1
79	78	0
79	79	1
79	80	1
79	81	0
79	82	0
79	83	1
79	84	0
79	85	0
79	86	1
79	87	1
79	88	1
79	89	0
79	90	1
79	91	1
79	92	1
79	93	0
79	94	1
79	95	0
79	96	0
79	97	0
79	98	0
79	99	1
80	0	1
80	1	1
80	2	0
80	3	0
80	4	0
80	5	1
80	6	1
80	7	0
80	8	1
80	9	0
80	10	0
80	11	1
80	12	0
80	13	0
80	14	0
80	15	1
80	16	1
80	17	1
80	18	1
80	19	1
80	20	0
80	21	0
80	22	0
80	23	0
80	24	0
80	25	1
80	26	0
80	27	1
80	28	0
80	29	1
80	30	1
80	31	0
80	32	1
80	33	0
80	34	0
80	35	1
80	36	1
80	37	0
80	38	0
80	39	1
80	40	0
80	41	1
80	42	0
80	43	1
80	44	0
80	45	0
80	46	1
80	47	1
80	48	0
80	49	1
80	50	0
80	51	0
80	52	0
80	53	0
80	54	0
80	55	0
80	56	0
80	57	1
80	58	1
80	59	1
80	60	1
80	61	1
80	62	0
80	63	1
80	64	1
80	65	0
80	66	1
80	67	0
80	68	1
80	69	0
80	70	1
80	71	0
80	72	1
80	73	0
80	74	0
80	75	0
80	76	0
80	77	0
80	78	1
80	79	0
80	80	1
80	81	0
80	82	1
80	83	0
80	84	1
80	85	0
80	86	0
80	87	0
80	88	0
80	89	1
80	90	0
80	91	0
80	92	0
80	93	0
80	94	1
80	95	1
80	96	0
80	97	1
80	98	1
80	99	0
81	0	0
81	1	1
81	2	0
81	3	1
81	4	1
81	5	1
81	6	0
81	7	0
81	8	0
81	9	1
81	10	1
81	11	0
81	12	1
81	13	1
81	14	1
81	15	0
81	16	1
81	17	0
81	18	0
81	19	0
81	20	1
81	21	1
81	22	1
81	23	1
81	24	1
81	25	0
81	26	1
81	27	1
81	28	1
81	29	1
81	30	0
81	31	1
81	32	0
81	33	1
81	34	1
81	35	0
81	36	0
81	37	1
81	38	1
81	39	0
81	40	1
81	41	0
81	42	1
81	43	0
81	44	0
81	45	1
81	46	0
81	47	0
81	48	1
81	49	0
81	50	1
81	51	1
81	52	1
81	53	1
81	54	1
81	55	1
81	56	1
81	57	0
81	58	0
81	59	0
81	60	0
81	61	0
81	62	1
81	63	0
81	64	0
81	65	1
81	66	0
81	67	1
81	68	0
81	69	0
81	70	1
81	71	1
81	72	0
81	73	1
81	74	1
81	75	1
81	76	1
81	77	1
81	78	0
81	79	1
81	80	0
81	81	1
81	82	0
81	83	1
81	84	0
81	85	1
81	86	1
81	87	1
81	88	1
81	89	0
81	90	1
81	91	0
81	92	0
81	93	1
81	94	0
81	95	0
81	96	1
81	97	0
81	98	0
81	99	1
82	0	1
82	1	1
82	2	0
82	3	0
82	4	0
82	5	0
82	6	1
82	7	0
82	8	1
82	9	0
82	10	1
82	11	1
82	12	1
82	13	0
82	14	0
82	15	1
82	16	0
82	17	1
82	18	1
82	19	1
82	20	0
82	21	0
82	22	1
82	23	0
82	24	1
82	25	1
82	26	0
82	27	1
82	28	0
82	29	1
82	30	1
82	31	1
82	32	1
82	33	0
82	34	0
82	35	1
82	36	1
82	37	0
82	38	0
82	39	1
82	40	0
82	41	0
82	42	0
82	43	1
82	44	0
82	45	0
82	46	1
82	47	1
82	48	0
82	49	1
82	50	1
82	51	0
82	52	1
82	53	0
82	54	0
82	55	0
82	56	0
82	57	1
82	58	1
82	59	1
82	60	1
82	61	1
82	62	1
82	63	1
82	64	1
82	65	0
82	66	1
82	67	1
82	68	1
82	69	1
82	70	0
82	71	0
82	72	1
82	73	1
82	74	0
82	75	0
82	76	1
82	77	0
82	78	1
82	79	0
82	80	1
82	81	1
82	82	1
82	83	0
82	84	1
82	85	0
82	86	0
82	87	0
82	88	0
82	89	1
82	90	0
82	91	0
82	92	0
82	93	0
82	94	1
82	95	1
82	96	0
82	97	1
82	98	1
82	99	0
83	0	0
83	1	0
83	2	1
83	3	0
83	4	1
83	5	1
83	6	0
83	7	1
83	8	0
83	9	1
83	10	0
83	11	0
83	12	0
83	13	1
83	14	1
83	15	0
83	16	1
83	17	0
83	18	0
83	19	0
83	20	1
83	21	1
83	22	0
83	23	1
83	24	0
83	25	0
83	26	1
83	27	0
83	28	1
83	29	0
83	30	0
83	31	0
83	32	0
83	33	1
83	34	0
83	35	0
83	36	0
83	37	1
83	38	1
83	39	1
83	40	0
83	41	1
83	42	1
83	43	0
83	44	1
83	45	1
83	46	0
83	47	0
83	48	1
83	49	0
83	50	1
83	51	1
83	52	1
83	53	0
83	54	1
83	55	1
83	56	1
83	57	0
83	58	0
83	59	0
83	60	0
83	61	0
83	62	1
83	63	0
83	64	1
83	65	1
83	66	0
83	67	0
83	68	0
83	69	1
83	70	1
83	71	1
83	72	0
83	73	1
83	74	1
83	75	1
83	76	1
83	77	1
83	78	0
83	79	1
83	80	0
83	81	1
83	82	0
83	83	1
83	84	0
83	85	1
83	86	1
83	87	1
83	88	1
83	89	0
83	90	0
83	91	1
83	92	1
83	93	1
83	94	1
83	95	0
83	96	1
83	97	1
83	98	0
83	99	1
84	0	1
84	1	1
84	2	0
84	3	0
84	4	0
84	5	0
84	6	1
84	7	0
84	8	1
84	9	0
84	10	0
84	11	1
84	12	0
84	13	1
84	14	0
84	15	1
84	16	0
84	17	1
84	18	1
84	19	1
84	20	0
84	21	0
84	22	1
84	23	0
84	24	0
84	25	1
84	26	1
84	27	1
84	28	0
84	29	1
84	30	1
84	31	1
84	32	1
84	33	0
84	34	0
84	35	1
84	36	1
84	37	0
84	38	0
84	39	1
84	40	1
84	41	0
84	42	0
84	43	1
84	44	1
84	45	0
84	46	1
84	47	1
84	48	0
84	49	1
84	50	0
84	51	0
84	52	0
84	53	0
84	54	0
84	55	1
84	56	0
84	57	1
84	58	1
84	59	1
84	60	1
84	61	1
84	62	0
84	63	1
84	64	1
84	65	1
84	66	1
84	67	0
84	68	1
84	69	0
84	70	0
84	71	0
84	72	1
84	73	0
84	74	0
84	75	0
84	76	0
84	77	0
84	78	1
84	79	0
84	80	1
84	81	0
84	82	1
84	83	0
84	84	1
84	85	0
84	86	0
84	87	0
84	88	1
84	89	1
84	90	0
84	91	1
84	92	1
84	93	0
84	94	1
84	95	1
84	96	0
84	97	1
84	98	1
84	99	0
85	0	0
85	1	0
85	2	1
85	3	1
85	4	1
85	5	1
85	6	0
85	7	0
85	8	0
85	9	1
85	10	0
85	11	0
85	12	1
85	13	1
85	14	1
85	15	0
85	16	1
85	17	0
85	18	1
85	19	0
85	20	1
85	21	1
85	22	0
85	23	1
85	24	1
85	25	0
85	26	1
85	27	0
85	28	1
85	29	0
85	30	0
85	31	1
85	32	0
85	33	1
85	34	1
85	35	0
85	36	0
85	37	1
85	38	1
85	39	0
85	40	1
85	41	1
85	42	1
85	43	0
85	44	1
85	45	1
85	46	0
85	47	0
85	48	0
85	49	0
85	50	0
85	51	1
85	52	1
85	53	0
85	54	1
85	55	1
85	56	1
85	57	0
85	58	0
85	59	0
85	60	0
85	61	1
85	62	1
85	63	0
85	64	0
85	65	0
85	66	0
85	67	1
85	68	0
85	69	1
85	70	1
85	71	1
85	72	0
85	73	1
85	74	1
85	75	1
85	76	1
85	77	1
85	78	0
85	79	1
85	80	0
85	81	1
85	82	0
85	83	1
85	84	0
85	85	1
85	86	1
85	87	1
85	88	1
85	89	0
85	90	1
85	91	0
85	92	1
85	93	1
85	94	0
85	95	1
85	96	1
85	97	0
85	98	0
85	99	1
86	0	0
86	1	1
86	2	0
86	3	0
86	4	1
86	5	1
86	6	1
86	7	1
86	8	0
86	9	1
86	10	1
86	11	0
86	12	0
86	13	1
86	14	1
86	15	0
86	16	1
86	17	0
86	18	0
86	19	0
86	20	1
86	21	1
86	22	1
86	23	1
86	24	1
86	25	0
86	26	1
86	27	1
86	28	1
86	29	0
86	30	0
86	31	1
86	32	0
86	33	1
86	34	0
86	35	0
86	36	0
86	37	1
86	38	1
86	39	0
86	40	1
86	41	1
86	42	1
86	43	0
86	44	1
86	45	1
86	46	0
86	47	0
86	48	1
86	49	0
86	50	1
86	51	1
86	52	1
86	53	1
86	54	0
86	55	1
86	56	1
86	57	0
86	58	0
86	59	0
86	60	0
86	61	0
86	62	1
86	63	0
86	64	0
86	65	1
86	66	0
86	67	1
86	68	0
86	69	1
86	70	1
86	71	1
86	72	0
86	73	1
86	74	1
86	75	1
86	76	0
86	77	1
86	78	0
86	79	0
86	80	0
86	81	1
86	82	0
86	83	1
86	84	0
86	85	1
86	86	1
86	87	1
86	88	1
86	89	0
86	90	1
86	91	1
86	92	1
86	93	1
86	94	0
86	95	0
86	96	1
86	97	0
86	98	0
86	99	1
87	0	0
87	1	0
87	2	0
87	3	1
87	4	1
87	5	1
87	6	0
87	7	0
87	8	0
87	9	1
87	10	1
87	11	0
87	12	1
87	13	1
87	14	1
87	15	1
87	16	1
87	17	0
87	18	0
87	19	0
87	20	1
87	21	1
87	22	1
87	23	1
87	24	1
87	25	0
87	26	1
87	27	0
87	28	1
87	29	0
87	30	0
87	31	1
87	32	0
87	33	1
87	34	1
87	35	0
87	36	0
87	37	1
87	38	1
87	39	0
87	40	1
87	41	0
87	42	1
87	43	1
87	44	1
87	45	1
87	46	0
87	47	1
87	48	1
87	49	0
87	50	1
87	51	1
87	52	1
87	53	0
87	54	1
87	55	1
87	56	1
87	57	1
87	58	0
87	59	0
87	60	0
87	61	0
87	62	1
87	63	0
87	64	0
87	65	1
87	66	0
87	67	1
87	68	0
87	69	1
87	70	1
87	71	1
87	72	0
87	73	1
87	74	1
87	75	1
87	76	1
87	77	1
87	78	1
87	79	1
87	80	1
87	81	1
87	82	0
87	83	1
87	84	0
87	85	1
87	86	1
87	87	1
87	88	1
87	89	1
87	90	1
87	91	1
87	92	0
87	93	1
87	94	0
87	95	1
87	96	1
87	97	0
87	98	0
87	99	1
88	0	0
88	1	0
88	2	1
88	3	1
88	4	0
88	5	0
88	6	0
88	7	1
88	8	0
88	9	1
88	10	1
88	11	0
88	12	1
88	13	0
88	14	1
88	15	0
88	16	0
88	17	1
88	18	0
88	19	1
88	20	1
88	21	0
88	22	1
88	23	1
88	24	1
88	25	0
88	26	1
88	27	0
88	28	1
88	29	1
88	30	0
88	31	1
88	32	0
88	33	1
88	34	1
88	35	1
88	36	0
88	37	0
88	38	0
88	39	0
88	40	1
88	41	1
88	42	1
88	43	1
88	44	1
88	45	1
88	46	1
88	47	0
88	48	1
88	49	0
88	50	1
88	51	1
88	52	1
88	53	1
88	54	1
88	55	1
88	56	1
88	57	0
88	58	1
88	59	0
88	60	1
88	61	0
88	62	0
88	63	0
88	64	0
88	65	1
88	66	0
88	67	1
88	68	0
88	69	1
88	70	1
88	71	1
88	72	0
88	73	0
88	74	0
88	75	1
88	76	1
88	77	1
88	78	0
88	79	1
88	80	1
88	81	1
88	82	0
88	83	1
88	84	0
88	85	0
88	86	0
88	87	0
88	88	1
88	89	0
88	90	1
88	91	1
88	92	1
88	93	1
88	94	0
88	95	0
88	96	1
88	97	0
88	98	0
88	99	1
89	0	1
89	1	1
89	2	0
89	3	0
89	4	0
89	5	0
89	6	1
89	7	0
89	8	1
89	9	0
89	10	0
89	11	1
89	12	0
89	13	0
89	14	0
89	15	1
89	16	0
89	17	1
89	18	1
89	19	1
89	20	0
89	21	0
89	22	0
89	23	0
89	24	1
89	25	1
89	26	0
89	27	1
89	28	0
89	29	1
89	30	1
89	31	0
89	32	1
89	33	0
89	34	1
89	35	1
89	36	1
89	37	0
89	38	0
89	39	1
89	40	0
89	41	0
89	42	1
89	43	1
89	44	0
89	45	0
89	46	1
89	47	1
89	48	0
89	49	1
89	50	0
89	51	0
89	52	0
89	53	0
89	54	0
89	55	0
89	56	1
89	57	1
89	58	1
89	59	1
89	60	1
89	61	1
89	62	0
89	63	1
89	64	1
89	65	0
89	66	1
89	67	0
89	68	1
89	69	0
89	70	1
89	71	1
89	72	1
89	73	0
89	74	0
89	75	1
89	76	0
89	77	0
89	78	1
89	79	0
89	80	1
89	81	0
89	82	1
89	83	0
89	84	1
89	85	0
89	86	1
89	87	0
89	88	0
89	89	1
89	90	0
89	91	0
89	92	0
89	93	0
89	94	1
89	95	1
89	96	1
89	97	1
89	98	1
89	99	0
90	0	0
90	1	1
90	2	1
90	3	1
90	4	0
90	5	1
90	6	0
90	7	1
90	8	0
90	9	1
90	10	1
90	11	0
90	12	1
90	13	1
90	14	1
90	15	0
90	16	1
90	17	0
90	18	0
90	19	0
90	20	0
90	21	1
90	22	1
90	23	1
90	24	1
90	25	0
90	26	1
90	27	0
90	28	1
90	29	0
90	30	0
90	31	1
90	32	0
90	33	1
90	34	1
90	35	0
90	36	0
90	37	0
90	38	1
90	39	0
90	40	1
90	41	1
90	42	1
90	43	0
90	44	1
90	45	1
90	46	1
90	47	0
90	48	1
90	49	0
90	50	1
90	51	0
90	52	1
90	53	1
90	54	1
90	55	1
90	56	1
90	57	0
90	58	0
90	59	0
90	60	0
90	61	1
90	62	0
90	63	1
90	64	0
90	65	1
90	66	0
90	67	1
90	68	0
90	69	1
90	70	1
90	71	1
90	72	0
90	73	1
90	74	0
90	75	1
90	76	1
90	77	1
90	78	0
90	79	1
90	80	0
90	81	1
90	82	1
90	83	1
90	84	0
90	85	0
90	86	1
90	87	0
90	88	1
90	89	1
90	90	1
90	91	1
90	92	1
90	93	1
90	94	0
90	95	0
90	96	0
90	97	0
90	98	0
90	99	1
91	0	0
91	1	0
91	2	1
91	3	1
91	4	1
91	5	1
91	6	0
91	7	1
91	8	0
91	9	1
91	10	1
91	11	1
91	12	1
91	13	1
91	14	1
91	15	1
91	16	0
91	17	0
91	18	0
91	19	0
91	20	1
91	21	1
91	22	1
91	23	1
91	24	1
91	25	0
91	26	1
91	27	0
91	28	0
91	29	0
91	30	0
91	31	1
91	32	0
91	33	0
91	34	1
91	35	1
91	36	0
91	37	1
91	38	1
91	39	0
91	40	1
91	41	1
91	42	1
91	43	0
91	44	1
91	45	1
91	46	0
91	47	0
91	48	1
91	49	0
91	50	1
91	51	1
91	52	1
91	53	1
91	54	1
91	55	0
91	56	0
91	57	0
91	58	0
91	59	0
91	60	0
91	61	1
91	62	1
91	63	1
91	64	0
91	65	1
91	66	0
91	67	1
91	68	0
91	69	1
91	70	0
91	71	1
91	72	0
91	73	1
91	74	1
91	75	1
91	76	1
91	77	1
91	78	0
91	79	1
91	80	0
91	81	0
91	82	0
91	83	1
91	84	1
91	85	1
91	86	1
91	87	0
91	88	1
91	89	0
91	90	1
91	91	1
91	92	1
91	93	1
91	94	0
91	95	0
91	96	0
91	97	1
91	98	1
91	99	0
92	0	0
92	1	0
92	2	1
92	3	1
92	4	1
92	5	0
92	6	0
92	7	1
92	8	0
92	9	1
92	10	1
92	11	0
92	12	1
92	13	1
92	14	1
92	15	0
92	16	0
92	17	0
92	18	0
92	19	0
92	20	1
92	21	1
92	22	1
92	23	1
92	24	1
92	25	0
92	26	1
92	27	0
92	28	0
92	29	0
92	30	0
92	31	1
92	32	0
92	33	1
92	34	1
92	35	0
92	36	0
92	37	1
92	38	1
92	39	0
92	40	1
92	41	1
92	42	1
92	43	0
92	44	1
92	45	1
92	46	0
92	47	0
92	48	1
92	49	0
92	50	1
92	51	0
92	52	1
92	53	1
92	54	1
92	55	0
92	56	1
92	57	0
92	58	0
92	59	0
92	60	1
92	61	1
92	62	1
92	63	0
92	64	0
92	65	1
92	66	0
92	67	1
92	68	0
92	69	1
92	70	1
92	71	1
92	72	0
92	73	1
92	74	1
92	75	1
92	76	1
92	77	1
92	78	0
92	79	1
92	80	0
92	81	1
92	82	0
92	83	1
92	84	0
92	85	1
92	86	0
92	87	1
92	88	1
92	89	0
92	90	1
92	91	1
92	92	1
92	93	1
92	94	1
92	95	0
92	96	1
92	97	0
92	98	0
92	99	1
93	0	0
93	1	0
93	2	1
93	3	1
93	4	1
93	5	1
93	6	0
93	7	1
93	8	0
93	9	1
93	10	1
93	11	0
93	12	1
93	13	1
93	14	1
93	15	0
93	16	1
93	17	0
93	18	0
93	19	0
93	20	1
93	21	1
93	22	1
93	23	0
93	24	0
93	25	0
93	26	1
93	27	0
93	28	1
93	29	0
93	30	0
93	31	1
93	32	0
93	33	1
93	34	0
93	35	0
93	36	0
93	37	1
93	38	1
93	39	0
93	40	1
93	41	0
93	42	1
93	43	0
93	44	1
93	45	1
93	46	0
93	47	0
93	48	1
93	49	0
93	50	0
93	51	1
93	52	0
93	53	0
93	54	0
93	55	1
93	56	1
93	57	0
93	58	0
93	59	1
93	60	0
93	61	0
93	62	1
93	63	0
93	64	0
93	65	1
93	66	0
93	67	1
93	68	0
93	69	1
93	70	1
93	71	0
93	72	1
93	73	1
93	74	1
93	75	1
93	76	1
93	77	1
93	78	0
93	79	1
93	80	0
93	81	1
93	82	0
93	83	1
93	84	0
93	85	1
93	86	1
93	87	1
93	88	0
93	89	0
93	90	1
93	91	1
93	92	1
93	93	1
93	94	0
93	95	0
93	96	1
93	97	0
93	98	0
93	99	1
94	0	1
94	1	1
94	2	0
94	3	0
94	4	0
94	5	0
94	6	1
94	7	1
94	8	1
94	9	0
94	10	0
94	11	1
94	12	1
94	13	1
94	14	0
94	15	1
94	16	0
94	17	1
94	18	1
94	19	1
94	20	0
94	21	0
94	22	0
94	23	1
94	24	0
94	25	1
94	26	0
94	27	1
94	28	0
94	29	1
94	30	1
94	31	0
94	32	1
94	33	0
94	34	0
94	35	1
94	36	1
94	37	0
94	38	0
94	39	1
94	40	0
94	41	1
94	42	0
94	43	1
94	44	0
94	45	0
94	46	1
94	47	1
94	48	0
94	49	1
94	50	1
94	51	0
94	52	0
94	53	0
94	54	1
94	55	0
94	56	0
94	57	1
94	58	1
94	59	1
94	60	1
94	61	1
94	62	0
94	63	1
94	64	1
94	65	0
94	66	1
94	67	0
94	68	1
94	69	0
94	70	0
94	71	0
94	72	1
94	73	1
94	74	0
94	75	1
94	76	0
94	77	0
94	78	1
94	79	0
94	80	1
94	81	1
94	82	1
94	83	0
94	84	1
94	85	0
94	86	0
94	87	0
94	88	0
94	89	1
94	90	1
94	91	0
94	92	0
94	93	0
94	94	1
94	95	1
94	96	1
94	97	1
94	98	1
94	99	0
95	0	1
95	1	1
95	2	0
95	3	1
95	4	0
95	5	0
95	6	1
95	7	0
95	8	1
95	9	0
95	10	0
95	11	1
95	12	0
95	13	0
95	14	0
95	15	1
95	16	0
95	17	1
95	18	1
95	19	1
95	20	0
95	21	0
95	22	0
95	23	1
95	24	0
95	25	1
95	26	1
95	27	1
95	28	1
95	29	1
95	30	1
95	31	0
95	32	1
95	33	0
95	34	1
95	35	1
95	36	1
95	37	1
95	38	0
95	39	1
95	40	0
95	41	1
95	42	0
95	43	1
95	44	0
95	45	1
95	46	1
95	47	1
95	48	1
95	49	1
95	50	0
95	51	1
95	52	0
95	53	0
95	54	0
95	55	0
95	56	0
95	57	1
95	58	1
95	59	1
95	60	1
95	61	1
95	62	0
95	63	1
95	64	1
95	65	0
95	66	1
95	67	0
95	68	1
95	69	0
95	70	0
95	71	0
95	72	1
95	73	0
95	74	0
95	75	1
95	76	1
95	77	0
95	78	1
95	79	0
95	80	1
95	81	0
95	82	1
95	83	0
95	84	1
95	85	1
95	86	0
95	87	0
95	88	0
95	89	1
95	90	0
95	91	0
95	92	0
95	93	0
95	94	1
95	95	1
95	96	0
95	97	1
95	98	1
95	99	1
96	0	1
96	1	0
96	2	1
96	3	1
96	4	1
96	5	1
96	6	1
96	7	0
96	8	0
96	9	1
96	10	0
96	11	1
96	12	1
96	13	1
96	14	1
96	15	0
96	16	1
96	17	0
96	18	0
96	19	0
96	20	1
96	21	1
96	22	1
96	23	0
96	24	1
96	25	0
96	26	1
96	27	0
96	28	1
96	29	1
96	30	0
96	31	1
96	32	0
96	33	1
96	34	1
96	35	0
96	36	0
96	37	1
96	38	1
96	39	0
96	40	1
96	41	1
96	42	1
96	43	0
96	44	1
96	45	1
96	46	0
96	47	0
96	48	1
96	49	0
96	50	1
96	51	1
96	52	0
96	53	1
96	54	1
96	55	1
96	56	1
96	57	1
96	58	1
96	59	0
96	60	0
96	61	0
96	62	1
96	63	0
96	64	0
96	65	0
96	66	0
96	67	0
96	68	0
96	69	1
96	70	1
96	71	1
96	72	0
96	73	1
96	74	1
96	75	1
96	76	1
96	77	1
96	78	0
96	79	1
96	80	0
96	81	1
96	82	0
96	83	1
96	84	0
96	85	1
96	86	1
96	87	1
96	88	0
96	89	0
96	90	1
96	91	0
96	92	1
96	93	1
96	94	0
96	95	0
96	96	1
96	97	0
96	98	0
96	99	1
97	0	1
97	1	1
97	2	1
97	3	1
97	4	0
97	5	1
97	6	1
97	7	1
97	8	1
97	9	0
97	10	0
97	11	1
97	12	1
97	13	1
97	14	0
97	15	1
97	16	0
97	17	1
97	18	1
97	19	1
97	20	0
97	21	0
97	22	0
97	23	0
97	24	1
97	25	1
97	26	1
97	27	1
97	28	0
97	29	1
97	30	1
97	31	0
97	32	1
97	33	0
97	34	1
97	35	1
97	36	1
97	37	0
97	38	0
97	39	1
97	40	0
97	41	1
97	42	0
97	43	1
97	44	1
97	45	0
97	46	1
97	47	1
97	48	0
97	49	1
97	50	0
97	51	0
97	52	0
97	53	0
97	54	0
97	55	0
97	56	0
97	57	1
97	58	1
97	59	1
97	60	1
97	61	1
97	62	0
97	63	1
97	64	1
97	65	0
97	66	1
97	67	0
97	68	1
97	69	0
97	70	0
97	71	0
97	72	1
97	73	0
97	74	0
97	75	0
97	76	0
97	77	0
97	78	1
97	79	0
97	80	1
97	81	0
97	82	1
97	83	0
97	84	1
97	85	0
97	86	0
97	87	0
97	88	0
97	89	1
97	90	0
97	91	0
97	92	0
97	93	0
97	94	1
97	95	1
97	96	0
97	97	1
97	98	1
97	99	0
98	0	1
98	1	1
98	2	0
98	3	0
98	4	0
98	5	0
98	6	1
98	7	0
98	8	1
98	9	0
98	10	0
98	11	1
98	12	1
98	13	0
98	14	0
98	15	1
98	16	0
98	17	1
98	18	1
98	19	1
98	20	0
98	21	0
98	22	1
98	23	0
98	24	0
98	25	1
98	26	0
98	27	1
98	28	0
98	29	1
98	30	1
98	31	0
98	32	1
98	33	0
98	34	0
98	35	1
98	36	1
98	37	0
98	38	0
98	39	1
98	40	0
98	41	0
98	42	1
98	43	1
98	44	0
98	45	0
98	46	1
98	47	1
98	48	0
98	49	1
98	50	0
98	51	1
98	52	1
98	53	1
98	54	1
98	55	0
98	56	0
98	57	1
98	58	1
98	59	1
98	60	1
98	61	1
98	62	1
98	63	1
98	64	1
98	65	0
98	66	1
98	67	0
98	68	1
98	69	0
98	70	0
98	71	1
98	72	1
98	73	0
98	74	1
98	75	0
98	76	0
98	77	0
98	78	1
98	79	0
98	80	1
98	81	0
98	82	1
98	83	0
98	84	1
98	85	0
98	86	0
98	87	0
98	88	0
98	89	1
98	90	1
98	91	1
98	92	1
98	93	0
98	94	1
98	95	1
98	96	0
98	97	1
98	98	1
98	99	1
99	0	0
99	1	0
99	2	1
99	3	1
99	4	1
99	5	1
99	6	0
99	7	1
99	8	0
99	9	1
99	10	0
99	11	0
99	12	0
99	13	1
99	14	1
99	15	0
99	16	1
99	17	0
99	18	1
99	19	0
99	20	1
99	21	1
99	22	1
99	23	1
99	24	1
99	25	0
99	26	1
99	27	0
99	28	1
99	29	1
99	30	0
99	31	0
99	32	0
99	33	1
99	34	0
99	35	0
99	36	0
99	37	1
99	38	1
99	39	1
99	40	0
99	41	0
99	42	1
99	43	0
99	44	0
99	45	1
99	46	0
99	47	0
99	48	0
99	49	0
99	50	0
99	51	1
99	52	0
99	53	1
99	54	1
99	55	1
99	56	1
99	57	0
99	58	0
99	59	0
99	60	0
99	61	1
99	62	1
99	63	0
99	64	0
99	65	1
99	66	1
99	67	1
99	68	0
99	69	1
99	70	1
99	71	1
99	72	0
99	73	1
99	74	1
99	75	1
99	76	1
99	77	1
99	78	0
99	79	0
99	80	0
99	81	1
99	82	0
99	83	1
99	84	1
99	85	1
99	86	1
99	87	1
99	88	1
99	89	0
99	90	1
99	91	1
99	92	0
99	93	1
99	94	0
99	95	0
99	96	1
99	97	0
99	98	1
99	99	1
